NOAA 15                 
1 25338U 98030A   18247.55648861  .00000031  00000-0  31689-4 0  9991
2 25338  98.7677 264.0337 0010454   3.4069 356.7180 14.25873570 56326
NOAA 18                 
1 28654U 05018A   18247.51965040 -.00000010  00000-0  19558-4 0  9995
2 28654  99.1390 284.5615 0013305 264.1747  95.7907 14.12383956684975
METOP-A                 
1 29499U 06044A   18246.95684351 -.00000024  00000-0  89090-5 0  9997
2 29499  98.6195 302.6381 0001099  47.9409  80.2166 14.21530078616005
NOAA 19                 
1 33591U 09005A   18247.55838598  .00000060  00000-0  57459-4 0  9998
2 33591  99.1494 227.1896 0014973 102.9154 257.3690 14.12305160493371
METOP-B                 
1 38771U 12049A   18246.97164352 -.00000028  00000-0  69083-5 0  9992
2 38771  98.6649 304.9920 0002148  75.7458 268.7425 14.21511437309328
SARAL                   
1 39086U 13009A   18247.20778749  .00000005  00000-0  18037-4 0  9993
2 39086  98.5416  72.8596 0001895  56.1963 303.9401 14.32021639288651
