BEIDOU G1               
1 36287U 10001A   18246.32379189 -.00000295  00000-0  00000+0 0  9997
2 36287   1.4668   7.3791 0004657 160.5890  70.9554  1.00273966 31650
BEIDOU G3               
1 36590U 10024A   18247.14383928 -.00000370  00000-0  00000+0 0  9990
2 36590   1.3901  23.2135 0004426 326.2609 156.0626  1.00275647 30279
BEIDOU IGSO 1           
1 36828U 10036A   18247.60857868 -.00000156  00000-0  10000-3 0  9994
2 36828  54.1558 189.1759 0073041 233.1616 257.5393  1.00296757 29714
BEIDOU G4               
1 37210U 10057A   18247.18932410 -.00000127  00000-0  00000+0 0  9996
2 37210   1.0139  58.3243 0003956 191.2086 321.9003  1.00270770 28770
BEIDOU IGSO 2           
1 37256U 10068A   18247.12878142 -.00000203  00000-0  10000-3 0  9993
2 37256  52.5150 306.0611 0067658 203.0709 357.9367  1.00253462 28297
BEIDOU IGSO 3           
1 37384U 11013A   18247.18565637 -.00000154  00000-0  10000-3 0  9999
2 37384  58.3983  68.3052 0036345 200.7342 261.0376  1.00283466 27178
BEIDOU IGSO 4           
1 37763U 11038A   18246.83984422 -.00000086  00000-0  10000-3 0  9999
2 37763  54.4524 191.5836 0056055 222.1359 326.9797  1.00265424 26139
BEIDOU IGSO 5           
1 37948U 11073A   18247.12622934 -.00000146  00000-0  10000-3 0  9990
2 37948  52.5882 305.5693 0058029 207.6979 330.9955  1.00276436 24894
BEIDOU G5               
1 38091U 12008A   18246.16406313  .00000042  00000-0  00000-0 0  9993
2 38091   1.5653  64.5585 0002212 292.1784 103.4511  1.00279004 23964
BEIDOU M3               
1 38250U 12018A   18247.47743102 -.00000035  00000-0  10000-3 0  9993
2 38250  56.5041  39.2993 0023288 228.3967  90.3244  1.86234406 43346
BEIDOU M4               
1 38251U 12018B   18246.99091093 -.00000034  00000-0  10000-3 0  9994
2 38251  56.4378  38.7236 0025672 222.7509 176.9137  1.86233727 43349
BEIDOU M6               
1 38775U 12050B   18247.04070774 -.00000016  00000-0  00000+0 0  9996
2 38775  54.8950 158.3083 0021840 244.5330  25.9394  1.86232816 40718
BEIDOU G6               
1 38953U 12059A   18246.88705197 -.00000190  00000-0  00000+0 0  9991
2 38953   2.0192  81.1098 0002016 118.4738 186.7780  1.00271461 21532
BEIDOU I1-S             
1 40549U 15019A   18247.16875014 -.00000178  00000-0  00000+0 0  9998
2 40549  53.9244 328.6991 0043895 187.2159 342.9514  1.00256711 12577
BEIDOU-3 M1             
1 40748U 15037A   18247.43148839 -.00000038  00000-0  00000+0 0  9992
2 40748  55.7087  38.4045 0005056 258.8748 345.0229  1.86231425 21177
BEIDOU-3 M2             
1 40749U 15037B   18246.88081059 -.00000037  00000-0  00000+0 0  9990
2 40749  55.7122  38.4118 0005702 284.3126  88.1119  1.86232439 21169
BEIDOU I2-S             
1 40938U 15053A   18247.43079257 -.00000109  00000-0  00000+0 0  9997
2 40938  53.5791 291.6435 0049205 178.3012 124.0012  1.00287943 10856
BEIDOU M3-S             
1 41315U 16006A   18247.52689784 -.00000020  00000-0  00000+0 0  9990
2 41315  55.0767 158.5949 0003023 332.1272 128.5583  1.86230588 17657
BEIDOU IGSO 6           
1 41434U 16021A   18246.84230385 -.00000119  00000-0  00000-0 0  9992
2 41434  56.1359  67.5427 0032616 184.3122 130.5744  1.00261980  8972
BEIDOU G7               
1 41586U 16037A   18246.64662646 -.00000262  00000-0  00000-0 0  9993
2 41586   0.7390 359.9432 0002272 237.1601 122.8829  1.00267247  8282
BEIDOU-3 M1             
1 43001U 17069A   18247.38105838 -.00000019  00000-0  00000+0 0  9999
2 43001  55.0505 158.1143 0010683 284.8542 346.2371  1.86232042  5654
BEIDOU-3 M2             
1 43002U 17069B   18247.31264618 -.00000018  00000-0  00000+0 0  9994
2 43002  55.0504 158.1510 0010339 303.7374 326.1594  1.86231656  5647
BEIDOU-3 M3             
1 43107U 18003A   18246.71906573 -.00000036  00000-0  00000-0 0  9996
2 43107  55.1250  39.9851 0004112  32.1127   5.3394  1.86233003  4402
BEIDOU-3 M4             
1 43108U 18003B   18247.12917405 -.00000037  00000-0  00000+0 0  9999
2 43108  55.1187  39.9660 0003183 212.1449 145.2801  1.86233022  4402
BEIDOU-3 M5             
1 43207U 18018A   18245.96991298 -.00000006  00000-0  00000+0 0  9993
2 43207  55.0098 158.3239 0007793 321.4561  38.5120  1.86231861  3776
BEIDOU-3 M6             
1 43208U 18018B   18246.03672716 -.00000006  00000-0  00000+0 0  9994
2 43208  55.0094 158.3287 0008917 296.5135  63.4142  1.86231745  3776
BEIDOU-3 M7             
1 43245U 18029A   18246.74095309 -.00000039  00000-0  00000+0 0  9998
2 43245  55.0967  37.8150 0000451 155.9139 165.9778  1.86233052  2936
BEIDOU-3 M8             
1 43246U 18029B   18246.24444374 -.00000038  00000-0  10000-3 0  9998
2 43246  55.0924  37.8662 0003481 324.8580  69.4652  1.86233415  2922
