CUTE-1 (CO-55)          
1 27844U 03031E   18246.96932440  .00000037  00000-0  36195-4 0  9998
2 27844  98.6876 254.4648 0010530 138.4883 221.7096 14.22130811787358
CUBESAT XI-IV (CO-57)   
1 27848U 03031J   18246.95063055  .00000031  00000-0  33999-4 0  9991
2 27848  98.6961 254.8702 0010246 148.5186 211.6606 14.21732871787228
CUBESAT XI 5            
1 28895U 05043F   18246.89870805  .00000117  00000-0  31326-4 0  9998
2 28895  97.9198  35.2140 0016937 176.1358 183.9979 14.63576652685155
CUTE-1.7+APD II (CO-65) 
1 32785U 08021C   18247.52448718  .00000150  00000-0  21801-4 0  9999
2 32785  97.5474 255.9155 0014273 130.9322 229.3134 14.88167493560974
AAUSAT-II               
1 32788U 08021F   18246.63030327  .00000381  00000-0  40348-4 0  9999
2 32788  97.5183 269.8547 0013560  86.4306 273.8466 14.94436045561891
DELFI-C3 (DO-64)        
1 32789U 08021G   18246.70469222  .00001222  00000-0  87294-4 0  9994
2 32789  97.5051 299.5041 0013112  36.4070 323.8047 15.06265962563605
SEEDS II (CO-66)        
1 32791U 08021J   18247.01339942  .00000172  00000-0  22902-4 0  9995
2 32791  97.5349 260.9594 0014902 113.5852 246.6933 14.90617499561259
SWISSCUBE               
1 35932U 09051B   18247.38787582  .00000114  00000-0  36850-4 0  9999
2 35932  98.5558  40.4983 0006998 335.4614  24.6249 14.56190313474960
BEESAT                  
1 35933U 09051C   18247.20344005  .00000095  00000-0  32536-4 0  9995
2 35933  98.5596  41.9065 0005513 353.0938   7.0182 14.56290762475047
ITUPSAT 1               
1 35935U 09051E   18247.37168453  .00000061  00000-0  25079-4 0  9993
2 35935  98.5708  42.3304 0007696 344.2640  15.8317 14.55464454474845
M-CUBED & EXP-1 PRIME   
1 37855U 11061F   18246.87841975  .00001015  00000-0  59571-4 0  9995
2 37855 101.7148 349.6619 0176012 209.2377 149.8894 15.04631149373489
STRAND-1                
1 39090U 13009E   18247.10812661  .00000001  00000-0  15734-4 0  9996
2 39090  98.5150  92.4389 0010347  65.8970 294.3296 14.35038771289144
AIST-2 (RS-43)          
1 39133U 13015D   18247.54505967  .00000036  00000-0  14971-4 0  9997
2 39133  64.8743 320.8978 0014159 213.6721 146.3501 15.04597076295147
SOMP                    
1 39134U 13015E   18246.92727128  .00000901  00000-0  51770-4 0  9993
2 39134  64.8626 232.1610 0004879 245.3029 114.7590 15.19369335296483
BEESAT-3                
1 39135U 13015F   18247.21125055  .00000620  00000-0  41272-4 0  9992
2 39135  64.8685 245.6350 0016975 232.3669 127.5917 15.16845092296633
BEESAT-2                
1 39136U 13015G   18247.40687387  .00000698  00000-0  45882-4 0  9991
2 39136  64.8681 248.0038 0016523 233.8968 126.0628 15.16300448296608
NEE-01 PEGASUS          
1 39151U 13018B   18247.47560175  .00000097  00000-0  19870-4 0  9994
2 39151  97.9759 340.9877 0018185  55.1734 305.1185 14.79934750289240
ESTCUBE 1               
1 39161U 13021C   18247.21477289  .00000138  00000-0  29767-4 0  9996
2 39161  98.0061 331.8678 0009708 157.8023 202.3613 14.72098237286075
POPACS 1                
1 39268U 13055D   18247.36448884  .00004850  00000-0  13626-3 0  9997
2 39268  81.0008 263.2054 0634713 352.9575   6.2985 14.34963588255800
POPACS 2                
1 39269U 13055E   18246.84834160  .00002451  00000-0  69708-4 0  9994
2 39269  81.0138 287.3225 0690771  55.5739 310.8765 14.22551288253104
POPACS 3                
1 39270U 13055F   18246.89448902  .00001558  00000-0  46930-4 0  9995
2 39270  81.0171 300.4447 0719251  94.1440 274.2201 14.14932564232789
ZACUBE-1 (TSHEPISOSAT)  
1 39417U 13066B   18246.96066623  .00000139  00000-0  24027-4 0  9991
2 39417  97.5833 271.3755 0057556 256.7891 102.6897 14.80972860258459
WNISAT-1                
1 39423U 13066H   18247.47196256 -.00000012  00000-0  69485-5 0  9990
2 39423  97.7344 205.4675 0176030 129.4500 232.2415 14.52973429253740
GOMX 1                  
1 39430U 13066Q   18247.50992389  .00000164  00000-0  38155-4 0  9999
2 39430  97.7052 218.7026 0153008  80.2398 281.6044 14.59117285254722
CUBEBUG-2 (LO-74)       
1 39440U 13066AA  18247.54142851  .00000138  00000-0  26433-4 0  9992
2 39440  97.6010 258.0605 0079075 298.3885  60.9370 14.75714044257626
NEE-02 KRYSAOR          
1 39441U 13066AB  18247.53998721  .00000089  00000-0  20016-4 0  9993
2 39441  97.6018 256.1543 0080630 303.9495  55.4068 14.74807376257470
FUNCUBE-1 (AO-73)       
1 39444U 13066AE  18247.11740335  .00000182  00000-0  28959-4 0  9994
2 39444  97.5838 273.1482 0056720 251.1847 108.3209 14.81764731257347
UWE-3                   
1 39446U 13066AG  18247.02208835  .00000140  00000-0  25485-4 0  9995
2 39446  97.5906 264.0798 0068623 278.8853  80.4594 14.78248340256763
BRITE-TORONTO           
1 40020U 14033L   18247.50363007  .00000083  00000-0  22716-4 0  9996
2 40020  97.7767 101.7574 0087430 353.1919   6.8092 14.66516259225200
DUCHIFAT-1              
1 40021U 14033M   18247.55198567  .00000196  00000-0  25984-4 0  9994
2 40021  97.9129 166.4071 0011493 279.1061  80.8856 14.90376068228770
NANOSATC-BR1            
1 40024U 14033Q   18246.82650256  .00000178  00000-0  24541-4 0  9992
2 40024  97.9057 163.7645 0010824 284.5876  75.4140 14.89629441228580
QB50P1                  
1 40025U 14033R   18246.85267965  .00000210  00000-0  28505-4 0  9998
2 40025  97.9010 162.0773 0011145 289.5064  70.4948 14.88764895228498
QB50P2                  
1 40032U 14033Y   18247.43754946  .00000181  00000-0  25649-4 0  9994
2 40032  97.8959 161.2547 0010481 282.6378  77.3666 14.88307928228517
PERSEUS-M2              
1 40037U 14033AD  18246.77835746  .00000031  00000-0  97476-5 0  9995
2 40037  97.8937 157.8838 0013112 295.0192  64.9661 14.86379789228203
PERSEUS-M1              
1 40039U 14033AF  18247.29469613  .00000025  00000-0  92022-5 0  9996
2 40039  97.8932 157.7077 0012907 289.6935  70.2887 14.86001347228223
POLYITAN-1              
1 40042U 14033AJ  18246.85866554  .00000209  00000-0  28630-4 0  9993
2 40042  97.9085 162.2475 0013286 277.0838  82.8868 14.88451264228412
TIGRISAT                
1 40043U 14033AK  18246.70399087  .00000067  00000-0  17517-4 0  9994
2 40043  97.7969 121.1073 0058953 306.7905  52.7902 14.74169515226171
AEROCUBE 6A             
1 40045U 14033AM  18246.92309180  .00000185  00000-0  34309-4 0  9994
2 40045  97.8148 123.9063 0056916 300.2742  59.2842 14.75200008225894
AEROCUBE 6B             
1 40046U 14033AN  18247.19615393  .00000186  00000-0  34426-4 0  9992
2 40046  97.8108 123.9861 0056040 298.5094  61.0479 14.75188464226310
UKUBE-1                 
1 40074U 14037F   18240.91278944 -.00000065  00000-0 -72198-6 0  9995
2 40074  98.3957  21.8881 0005559  76.7066 283.4767 14.83848540224080
BRITE-PL 2              
1 40119U 14049B   18247.21591659  .00000065  00000-0  14164-4 0  9994
2 40119  97.9170 335.2369 0018913  81.0689 279.2666 14.84317049219028
FIREBIRD 4              
1 40378U 15003C   18247.37307911  .00001849  00000-0  78615-4 0  9997
2 40378  99.0809 164.8661 0130126 327.6363  31.6930 15.17555892198338
GRIFEX                  
1 40379U 15003D   18247.29687532  .00001354  00000-0  62865-4 0  9990
2 40379  99.0823 160.5173 0137576 341.7175  17.9132 15.14571637198074
EXOCUBE                 
1 40380U 15003E   18246.78371553  .00001006  00000-0  49904-4 0  9991
2 40380  99.0864 157.5629 0142330 351.3318   8.5452 15.12725360197839
TIANWANG 1C (TW-1C)     
1 40926U 15051B   18247.44380307  .00006242  00000-0  11197-3 0  9990
2 40926  97.1764 289.4471 0009130 359.9397 124.1252 15.50236432165583
TIANWANG 1A (TW-1A)     
1 40928U 15051D   18247.47079920  .00001996  00000-0  53477-4 0  9990
2 40928  97.1798 279.8842 0013038  41.6413  52.5039 15.39098626164970
EXACTVIEW 9             
1 40936U 15052G   18246.58269301  .00000740  00000-0  14602-4 0  9998
2 40936   6.0069 315.1133 0010093  21.2856 338.7691 14.76409384158578
ATHENOXAT 1             
1 41168U 15077C   18247.17197917  .00001672  00000-0  54363-4 0  9995
2 41168  14.9851 162.1186 0011984  56.6036 181.0843 15.12946793150350
GALASSIA                
1 41170U 15077E   18247.12160680  .00001603  00000-0  49862-4 0  9992
2 41170  14.9881 156.7409 0013035  79.0501 281.1285 15.13315730150408
VELOX 2                 
1 41171U 15077F   18247.14327462  .00001302  00000-0  37278-4 0  9992
2 41171  14.9907 180.6392 0008894  13.7954 346.2609 15.10764957150194
HORYU-IV                
1 41340U 16012D   18246.92220860  .00000395  00000-0  23424-4 0  9998
2 41340  31.0046 165.9136 0014118 154.9751 205.1571 15.01045759139737
E-ST@R-II               
1 41459U 16025D   18247.45549891  .00001238  00000-0  68814-4 0  9999
2 41459  98.1309 314.3314 0169338 242.3079 116.0870 15.04607658129345
AAUSAT 4                
1 41460U 16025E   18247.42263179  .00000448  00000-0  27686-4 0  9994
2 41460  98.1193 314.9295 0159929 238.0751 120.4833 15.06112398129416
DIWATA-1                
1 41463U 98067HT  18247.44349256  .00007558  00000-0  61239-4 0  9997
2 41463  51.6388 287.3035 0002190  56.0112  34.5648 15.71948454134462
BEESAT-4                
1 41619U 16040W   18246.88550216  .00000951  00000-0  44267-4 0  9990
2 41619  97.4082 308.9231 0010387 321.0680  38.9807 15.22330644110061
CANX-7                  
1 41788U 16059F   18247.48474524  .00005819  00000-0  96294-3 0  9995
2 41788  98.2183 314.5068 0029762 196.0464 163.9679 14.70409828103754
ALSAT 1N                
1 41789U 16059G   18247.43618267  .00000091  00000-0  26316-4 0  9991
2 41789  98.1121 309.0707 0027942 195.7107 164.3232 14.64176879103618
RAVAN                   
1 41849U 16067B   18247.17726215  .00000343  00000-0  34374-4 0  9994
2 41849  97.9242 337.1036 0007609 257.0152 103.0220 14.97884032 98953
CELTEE 1                
1 41850U 16067C   18247.24105980 -.00000063  00000-0 -18596-6 0  9995
2 41850  97.9226 336.4797 0007678 258.8080 101.2278 14.96853925 98924
OPTICUBE 04             
1 41851U 16067D   18247.21434216  .00000035  00000-0  84211-5 0  9993
2 41851  97.9232 336.3447 0007264 261.4227  98.6171 14.96702845 98911
AEROCUBE 8D             
1 41852U 16067E   18246.79198021  .00000586  00000-0  56890-4 0  9999
2 41852  97.9239 335.7528 0008197 260.9115  99.1179 14.96538333 98832
AEROCUBE 8C             
1 41853U 16067F   18247.20919646  .00000398  00000-0  40396-4 0  9996
2 41853  97.9244 336.1331 0008390 262.1767  97.8501 14.96507250 98892
PROMETHEUS 2-1          
1 41854U 16067G   18247.20953986  .00000524  00000-0  51243-4 0  9996
2 41854  97.9251 336.1629 0008683 261.5745  98.4492 14.96634528 98890
PROMETHEUS 2-3          
1 41855U 16067H   18247.21226401  .00000370  00000-0  37791-4 0  9994
2 41855  97.9253 336.1720 0008900 262.2540  97.7671 14.96633478 98892
ITF-2                   
1 41932U 98067KU  18246.59325788  .00037722  00000-0  18298-3 0  9999
2 41932  51.6299 295.1891 0002227  82.7546 277.3710 15.82081513 93152
WASEDA-SAT3             
1 41933U 98067KV  18247.46928860  .00148014  19981-4  33900-3 0  9993
2 41933  51.6292 277.5197 0004861  38.0239 322.1112 15.97041159 93465
AOBA-VELOX 3            
1 41935U 98067KX  18246.52453815  .00079157  00000-0  25989-3 0  9991
2 41935  51.6323 287.8864 0003349  44.8022 315.3253 15.89829258 93344
INS-1B                  
1 41954U 17008G   18247.15754351  .00000911  00000-0  41483-4 0  9997
2 41954  97.4394 310.4392 0011055  79.0341 281.2139 15.23201558 86023
BGUSAT                  
1 41999U 17008BD  18247.24263859  .00001573  00000-0  66085-4 0  9994
2 41999  97.4442 311.8263 0010184  93.7015 266.5387 15.24896805 85476
DIDO-2                  
1 42000U 17008BE  18247.41913544  .00000709  00000-0  32800-4 0  9998
2 42000  97.4410 311.1677 0010361  94.0872 266.1549 15.23344858 85469
PEASSS                  
1 42015U 17008BV  18247.42036523  .00000845  00000-0  37616-4 0  9999
2 42015  97.4409 311.7226 0008234  99.6151 260.6017 15.24182904 85985
AL-FARABI 1             
1 42016U 17008BW  18246.86533904  .00001083  00000-0  46764-4 0  9991
2 42016  97.4418 311.4296 0008117 101.3632 258.8518 15.24639228 86033
NAYIF-1 (EO-88)         
1 42017U 17008BX  18246.72705922  .00001113  00000-0  47955-4 0  9995
2 42017  97.4417 311.2997 0008105 101.8840 258.3307 15.24664312 86035
HAVELSAT                
1 42700U 98067LH  18247.41825411  .00029217  00000-0  18962-3 0  9991
2 42700  51.6320 308.3064 0001008 206.4960 153.5989 15.75739152 74491
CXBN-2                  
1 42704U 98067LM  18247.46240561  .00029918  00000-0  19816-3 0  9994
2 42704  51.6342 309.3792 0002047  52.9065 307.2121 15.75257271 74406
ICECUBE                 
1 42705U 98067LN  18247.35911694  .00160714  21169-4  41806-3 0  9992
2 42705  51.6452 294.4718 0004242  36.0335 324.0958 15.94674607 74652
PHOENIX                 
1 42706U 98067LP  18247.44609961  .00019438  00000-0  14756-3 0  9991
2 42706  51.6354 311.5300 0001350  63.8843 296.2294 15.72350283 74369
X-CUBESAT               
1 42707U 98067LQ  18247.42457226  .00033336  00000-0  20619-3 0  9993
2 42707  51.6333 307.5013 0001841  46.2803 313.8349 15.76765383 74406
QBEE50-LTU-OC           
1 42708U 98067LR  18247.42310872  .00028590  00000-0  18761-3 0  9990
2 42708  51.6336 309.0958 0001717  31.1035 329.0066 15.75498258 74348
ALTAIR PATHFINDER       
1 42711U 98067LS  18247.48168739  .00011974  00000-0  11797-3 0  9993
2 42711  51.6363 321.5644 0003433 104.8063 255.3313 15.66434422 73897
SHARC                   
1 42712U 98067LT  18247.45717782  .00022330  00000-0  20364-3 0  9997
2 42712  51.6373 322.9688 0001750  81.2678 278.8516 15.67801646 74110
ZA-AEROSAT              
1 42713U 98067LU  18247.41821881  .00018529  00000-0  14977-3 0  9998
2 42713  51.6346 315.0847 0002182  74.0161 286.1077 15.70885465 73970
LINK                    
1 42714U 98067LV  18247.40927340  .00269397  40877-4  56265-3 0  9992
2 42714  51.6184 292.7956 0007673  20.0373 340.0936 15.98474360 74376
CSUNSAT 1               
1 42715U 98067LW  18247.39793065  .00020242  00000-0  15664-3 0  9998
2 42715  51.6353 314.2194 0003276  86.3291 273.8082 15.71859859 73980
SPACECUBE               
1 42717U 98067LY  18247.39321627  .00029897  00000-0  19765-3 0  9992
2 42717  51.6303 309.5962 0000106 338.1942  21.9053 15.75300486 73416
HOOPOE                  
1 42718U 98067LZ  18247.37894521  .00042947  00000-0  23047-3 0  9998
2 42718  51.6290 304.9623 0001270  35.5250 324.5836 15.79819519 73471
NJUST-1                 
1 42722U 98067MB  18247.46736439  .00016268  00000-0  13853-3 0  9997
2 42722  51.6357 316.9475 0003577 162.8398 197.2721 15.69731763 73029
UNSW-ECO                
1 42723U 98067MC  18247.38838243  .00053809  00000-0  26675-3 0  9993
2 42723  51.6381 304.3626 0000742  65.1088 294.9992 15.81453667 73166
LILACSAT-1              
1 42725U 98067ME  18247.42422371  .00025278  00000-0  18317-3 0  9994
2 42725  51.6362 312.8865 0002042 156.1121 203.9973 15.73264470 72970
NSIGHT-1                
1 42726U 98067MF  18247.44872491  .00007641  00000-0  88964-4 0  9999
2 42726  51.6395 327.4318 0004550 164.6471 195.4662 15.62792583 72799
SNUSAT-1                
1 42727U 98067MG  18247.43723425  .00024100  00000-0  17496-3 0  9991
2 42727  51.6328 312.9008 0004070 118.4766 241.6643 15.73246738 72940
I-INSPIRE II            
1 42731U 98067ML  18247.40759174  .00050501  00000-0  24028-3 0  9996
2 42731  51.6344 302.8821 0003795  64.9319 295.2077 15.82358424 72960
POLYITAN-2-SAU          
1 42732U 98067MM  18247.44192806  .00031236  00000-0  19589-3 0  9994
2 42732  51.6324 308.4271 0003890  92.1228 268.0218 15.76480303 72890
SNUSAT-1B               
1 42733U 98067MN  18247.42925048  .00026839  00000-0  18584-3 0  9992
2 42733  51.6337 311.3786 0003904 102.2026 257.9411 15.74286887 72851
EXALTA-1                
1 42734U 98067MP  18247.40196199  .00061051  00000-0  26832-3 0  9998
2 42734  51.6267 301.9891 0002081  77.6284 282.4952 15.83974046 72924
BEEAGLESAT              
1 42736U 98067MR  18247.44687766  .00022405  00000-0  16998-3 0  9991
2 42736  51.6338 313.7552 0003142 159.3591 200.7535 15.72257261 72884
UCLSAT                  
1 42765U 17036A   18246.90899055  .00000863  00000-0  40732-4 0  9994
2 42765  97.3938 305.4662 0012523 153.4639 206.7241 15.22029012 67273
LITUANICASAT-2          
1 42768U 17036D   18246.85674848  .00001515  00000-0  69868-4 0  9998
2 42768  97.3958 304.9831 0016684 145.9381 214.2929 15.21656888 66522
AALTO-1                 
1 42775U 17036L   18246.72571896  .00000575  00000-0  29061-4 0  9997
2 42775  97.3930 304.6339 0015175 144.3633 215.8619 15.20867938 66439
URSA MAIOR              
1 42776U 17036M   18247.16847906  .00000635  00000-0  31689-4 0  9991
2 42776  97.3937 305.1365 0015063 143.0248 217.2029 15.20959395 66504
COMPASS 2               
1 42777U 17036N   18246.91364302  .00001218  00000-0  56347-4 0  9994
2 42777  97.3961 305.4091 0013891 146.1656 214.0469 15.21966539 66484
DIAMOND RED             
1 42783U 17036U   18247.12615999  .00000732  00000-0  35447-4 0  9994
2 42783  97.3939 305.4891 0013151 153.2215 206.9703 15.21610298 66516
PEGASUS                 
1 42784U 17036V   18247.41672426  .00000830  00000-0  39502-4 0  9990
2 42784  97.3941 305.8713 0013089 152.1503 208.0436 15.21831675 66560
DIAMOND GREEN           
1 42785U 17036W   18246.86187388  .00000721  00000-0  34962-4 0  9991
2 42785  97.3942 305.2451 0012997 154.6013 205.5865 15.21611459 66547
DIAMOND BLUE            
1 42786U 17036X   18246.86104801  .00000740  00000-0  35776-4 0  9996
2 42786  97.3941 305.2439 0012847 154.7626 205.4240 15.21611530 66544
NUDTSAT                 
1 42787U 17036Y   18247.43462248  .00001248  00000-0  56827-4 0  9997
2 42787  97.3950 306.1712 0012683 151.3987 208.7947 15.22482580 66429
SUCHAI                  
1 42788U 17036Z   18246.89909827  .00000992  00000-0  46258-4 0  9998
2 42788  97.3943 305.4959 0012670 153.4432 206.7456 15.22127734 66566
SKCUBE                  
1 42789U 17036AA  18246.90077482  .00000907  00000-0  42626-4 0  9995
2 42789  97.3941 305.4847 0012497 153.3680 206.8201 15.22077721 66482
VZLUSAT-1               
1 42790U 17036AB  18246.89718863  .00001225  00000-0  55825-4 0  9999
2 42790  97.3947 305.6493 0012170 153.1522 207.0346 15.22496994 66491
ROBUSTA-1B              
1 42792U 17036AD  18246.86185548  .00000993  00000-0  46149-4 0  9996
2 42792  97.3940 305.5251 0012065 154.1392 206.0449 15.22230211 66497
CICERO 6                
1 42793U 17036AE  18247.39164834  .00000750  00000-0  35819-4 0  9994
2 42793  97.3931 306.0121 0011220 153.1067 207.0753 15.22021688 66642
D-SAT                   
1 42794U 17036AF  18246.70308371  .00000168  00000-0  20114-4 0  9990
2 42794  97.5841 298.3613 0127459  21.6379 339.0158 14.90921697 65424
TOKI                    
1 42820U 98067MU  18247.24648650  .00020601  00000-0  16364-3 0  9995
2 42820  51.6343 317.6807 0002752  72.3283 287.8015 15.71222313 66272
MAZAALAI (NUMSAT-1)     
1 42822U 98067MW  18246.66018191  .00019823  00000-0  16031-3 0  9998
2 42822  51.6344 321.2751 0002579  72.8042 287.3238 15.70819809 66171
BRAC ONNESHA            
1 42823U 98067MX  18247.22247291  .00019929  00000-0  15983-3 0  9999
2 42823  51.6353 318.3021 0003845 109.7089 250.4324 15.71013235 66242
NIGERIAEDUSAT-1         
1 42824U 98067MY  18247.44967059  .00019660  00000-0  15960-3 0  9992
2 42824  51.6358 317.5910 0003802 111.2750 248.8654 15.70730952 66262
CORVUS BC2              
1 42846U 17042X   18246.95025601  .00000156  00000-0  20762-4 0  9990
2 42846  97.5886 146.9482 0008298 299.2881  60.7508 14.91850901 62113
CORVUS BC1              
1 42847U 17042Y   18246.72150810  .00000104  00000-0  15591-4 0  9994
2 42847  97.5888 146.7889 0007918 300.1478  59.8956 14.91949815 62071
SILU-1 (SILKROAD 1)     
1 42903U 17021F   18247.38201122  .00024031  00000-0  15615-3 0  9991
2 42903  42.7765 207.2458 0012672 145.7048 351.8884 15.75353448 62400
MIRATA                  
1 43015U 17073C   18247.22005579  .00001537  00000-0  12585-3 0  9993
2 43015  97.7045 174.9249 0258312  14.5300 346.3158 14.78302644 42811
MAKERSAT 0              
1 43016U 17073D   18246.79919361  .00000996  00000-0  83126-4 0  9996
2 43016  97.7073 174.6661 0259735  15.9758 344.9453 14.78261501 42740
ASTERIA                 
1 43020U 98067NH  18247.51035830  .00010769  00000-0  13179-3 0  9993
2 43020  51.6425 335.3956 0002649  97.8092 262.3203 15.60974680 44871
DELLINGR (RBLE)         
1 43021U 98067NJ  18247.47383108  .00004945  00000-0  69960-4 0  9992
2 43021  51.6410 338.1113 0002650  92.5227 267.6069 15.58504762 44837
OSIRIS-3U               
1 43027U 98067NL  18247.45006173  .00030034  00000-0  26053-3 0  9993
2 43027  51.6374 328.1549 0003051  53.3129 306.8148 15.68845800 44843
AEROCUBE 7B             
1 43042U 17071F   18247.20679536  .00002138  00000-0  64050-4 0  9992
2 43042  51.6400  16.4303 0004959 186.7214 173.3705 15.39303829 41772
AEROCUBE 7C             
1 43043U 17071G   18246.81727464  .00002245  00000-0  66756-4 0  9997
2 43043  51.6402  18.3355 0005061 186.8252 173.2664 15.39303597 41686
CHEFSAT                 
1 43044U 17071H   18246.90341519  .00004944  00000-0  12970-3 0  9997
2 43044  51.6406  16.6958 0005048 186.7197 173.3721 15.40491649 41710
ASGARDIA 1              
1 43049U 17071N   18246.79153786  .00002361  00000-0  69377-4 0  9991
2 43049  51.6405  18.1727 0002406 200.2833 159.8056 15.39422471 41679
ISARA                   
1 43050U 17071P   18247.49840830  .00004859  00000-0  12853-3 0  9994
2 43050  51.6400  13.9092 0002315 200.2766 159.8127 15.40278185 41793
FAUNA                   
1 43052U 17071R   18247.42175702  .00002794  00000-0  79841-4 0  9995
2 43052  51.6405  14.8919 0002304 198.3831 161.7070 15.39585126 41777
CORVUS BC3              
1 43118U 18004H   18247.21710434  .00000559  00000-0  27303-4 0  9992
2 43118  97.5262 309.9378 0010848 170.0835 190.0617 15.22368925 35739
MICROMAS-2A             
1 43131U 18004W   18246.88224007  .00001308  00000-0  58552-4 0  9998
2 43131  97.5274 309.7923 0009926 173.2322 186.9050 15.23056796 35693
GOMX4-B                 
1 43196U 18015E   18247.21380683  .00000245  00000-0  13100-4 0  9991
2 43196  97.3564  14.5684 0017476 237.7523 122.2019 15.23729283 32566
GOMX4-A                 
1 43197U 18015F   18247.41456714  .00000421  00000-0  20395-4 0  9993
2 43197  97.3570  14.7702 0017914 237.1589 164.0833 15.23735285 32602
1KUNS-PF                
1 43466U 98067NP  18247.47054440  .00009396  00000-0  13318-3 0  9999
2 43466  51.6402 341.8301 0000873  38.9119 321.1936 15.57218168 18044
UBAKUSAT                
1 43467U 98067NQ  18247.48389953  .00006477  00000-0  95580-4 0  9990
2 43467  51.6408 341.9225 0002995  63.3386 296.7912 15.56740957 18059
BATSU-CS1 (IRAZU)       
1 43468U 98067NR  18247.51871949  .00010747  00000-0  14903-3 0  9990
2 43468  51.6405 341.4018 0000856  24.0641 336.0391 15.57635028118046
CUBERRT                 
1 43546U 98067NU  18247.45869033  .00004016  00000-0  65056-4 0  9999
2 43546  51.6406 343.2442 0006060 128.2985 231.8552 15.55334330  8168
TEMPEST-D               
1 43547U 98067NV  18246.82042283  .00002354  00000-0  41494-4 0  9993
2 43547  51.6410 346.4814 0006375 127.3417 232.8156 15.55042947  7745
HALOSAT                 
1 43549U 98067NX  18246.75670254  .00004351  00000-0  70237-4 0  9998
2 43549  51.6407 346.8060 0006113 135.1974 224.9512 15.55192531  7748
ENDUROSAT ONE           
1 43551U 98067NZ  18247.51810148  .00007848  00000-0  11918-3 0  9998
2 43551  51.6403 342.8915 0006320 146.7216 213.4174 15.55594304  8279
EQUISAT                 
1 43552U 98067PA  18247.51909124  .00006859  00000-0  10542-3 0  9995
2 43552  51.6405 342.8986 0006632 147.3029 212.8374 15.55500753  8231
AEROCUBE 12A            
1 43556U 18046C   18246.79493833  .00001263  00000-0  58775-4 0  9997
2 43556  51.6435 356.6650 0009203 120.9390 239.2495 15.27758782  7539
AEROCUBE 12B            
1 43557U 18046D   18246.79496366  .00001029  00000-0  50296-4 0  9992
2 43557  51.6433 356.6649 0009190 121.0341 239.1542 15.27747051  7482
UITMSAT-1               
1 43589U 98067PD  18246.70893455  .00007723  00000-0  11993-3 0  9996
2 43589  51.6403 347.2355 0005950 153.4882 206.6415 15.55006262  3840
MAYA-1                  
1 43590U 98067PE  18247.47966928  .00007988  00000-0  12360-3 0  9991
2 43590  51.6406 343.3829 0006025 157.1756 202.9504 15.55047039  3893
BHUTAN-1                
1 43591U 98067PF  18246.64366018  .00007589  00000-0  11769-3 0  9993
2 43591  51.6405 347.5497 0006164 155.5649 204.5635 15.55070921  3762
SIRIUSSAT 1             
1 43595U 98067PG  18246.84408761  .00006687  00000-0  10612-3 0  9995
2 43595  51.6405 346.6341 0003917 103.5468 256.5959 15.54662071  2979
SIRIUSSAT 2             
1 43596U 98067PH  18246.78145153  .00006863  00000-0  10925-3 0  9995
2 43596  51.6413 346.9680 0004574 107.8237 252.3253 15.54527632  2962
