BEIJING 1               
1 28890U 05043A   18247.55593841  .00000007  00000-0  10459-4 0  9991
2 28890  97.9402  28.9602 0015204 186.8808 173.2187 14.61231867685319
HJ-1A                   
1 33320U 08041A   18247.56170021  .00000114  00000-0  23339-4 0  9998
2 33320  97.8814 308.4119 0026906  32.4677 327.8185 14.76952201538375
HJ-1B                   
1 33321U 08041B   18247.54235426  .00000075  00000-0  17857-4 0  9992
2 33321  97.8875 309.9758 0035783  48.7789 311.6504 14.77044495538368
YAOGAN 4                
1 33446U 08061A   18247.53944003  .00000095  00000-0  20404-4 0  9993
2 33446  97.6339 224.3775 0014522 299.2000  60.7758 14.76802352525604
DEIMOS-1                
1 35681U 09041A   18247.57968070 -.00000037  00000-0  17650-5 0  9996
2 35681  97.8983 133.4101 0001973  32.3691 327.7641 14.71746401488506
UK-DMC 2                
1 35683U 09041C   18247.56937950  .00000025  00000-0  11533-4 0  9999
2 35683  97.7748 112.8515 0001737  86.4609 273.6800 14.71040537488337
RISAT 1                 
1 38248U 12017A   18246.48144837 -.00000068  00000-0 -30423-6 0  9990
2 38248  97.5712 253.6455 0004103 346.1623 168.4754 15.09593922350100
DMC3-FM1                
1 40715U 15032A   18247.56452994 -.00000011  00000-0  59811-5 0  9996
2 40715  97.9955 142.9641 0016345 149.4873 210.7289 14.73699481169642
DMC3-FM2                
1 40716U 15032B   18247.38358439 -.00000003  00000-0  72291-5 0  9994
2 40716  97.9972 142.9619 0013330 157.7548 202.4221 14.73674936169629
DMC3-FM3                
1 40717U 15032C   18247.54201753 -.00000005  00000-0  70282-5 0  9999
2 40717  97.9961 143.8161 0017264 151.2032 209.0128 14.73696338169648
