SAUDISAT 1C             
1 27607U 02058C   18247.37764137 -.00000011  00000-0  19269-4 0  9991
2 27607  64.5543 207.9643 0072959 311.7079  47.7796 14.75476296844649
SAUDISAT 2              
1 28371U 04025F   18247.42018333 -.00000206  00000-0 -37694-4 0  9991
2 28371  98.1889 196.2912 0026678  46.7776 313.5632 14.54311094752405
SAUDISAT 3              
1 31118U 07012B   18247.49678984 -.00000020  00000-0  44499-5 0  9999
2 31118  97.7725 223.3347 0014234 289.0958  70.8706 14.69107709610247
PISAT                   
1 41784U 16059B   18247.15178674  .00000063  00000-0  21416-4 0  9993
2 41784  98.1115 307.8748 0031496 204.0556 155.9177 14.63359888103502
FLYING LAPTOP           
1 42831U 17042G   18247.35384900  .00000083  00000-0  13875-4 0  9995
2 42831  97.5882 146.7242 0012853 300.5310  59.4640 14.90885551 62121
