STARLETTE               
1 07646U 75010A   18246.90507390 -.00000147  00000-0 -15673-5 0  9991
2 07646  49.8233 167.0371 0205739  30.5301 330.7385 13.82304993201247
LAGEOS 1                
1 08820U 76039A   18246.77918338  .00000026  00000-0  00000-0 0  9998
2 08820 109.8466 285.3518 0044693 191.0403   9.1850  6.38664809731868
AJISAI (EGS)            
1 16908U 86061A   18247.56411455 -.00000084  00000-0  96448-4 0  9996
2 16908  50.0070 248.1534 0011371 145.0958 328.6498 12.44488514126774
LAGEOS 2                
1 22195U 92070B   18246.73006774 -.00000009  00000-0  00000-0 0  9992
2 22195  52.6456 263.7192 0138129  24.4274  73.8349  6.47294245611551
STELLA                  
1 22824U 93061B   18247.22411557 -.00000032  00000-0  55696-5 0  9998
2 22824  98.8803 214.4672 0006154 187.8414 300.8218 14.27374069299354
LARES                   
1 38077U 12006A   18246.75263711  .00000015  00000-0  32858-3 0  9992
2 38077  69.4931 109.0821 0010952 216.4631 143.5643 12.54931549300428
