GOES 1 (SMS-C) [-]      
1 08366U 75100A   18247.36190204  .00000042  00000-0  00000+0 0  9998
2 08366  11.2800 313.1238 0004763 295.5909  96.4393  1.00262790156707
GOES 2 [-]              
1 10061U 77048A   18246.68637403 -.00000126  00000-0  00000+0 0  9991
2 10061  12.6082 322.5231 0016273 332.8509  31.6192  0.99394649 95252
GOES 3 [-]              
1 10953U 78062A   18247.54374508 -.00000329  00000-0  00000+0 0  9993
2 10953  12.7977 326.2351 0003207 316.6708  33.3656  0.99363621100341
GOES 4 [-]              
1 11964U 80074A   18246.61088497 -.00000317  00000-0  00000+0 0  9995
2 11964  13.6207 329.9785 0032941  24.6413 347.8167  0.99233076 99412
GOES 5 [-]              
1 12472U 81049A   18247.44464904  .00000079  00000-0  00000+0 0  9990
2 12472  13.9514 340.3291 0004202 274.2426 108.4057  1.00254080 94455
GOES 6 [-]              
1 14050U 83041A   18247.41455003  .00000048  00000-0  00000+0 0  9991
2 14050  14.2526 345.2647 0001535 252.0862 122.1990  1.00256185187550
GOES 7 [-]              
1 17561U 87022A   18247.21793743 -.00000297  00000-0  00000+0 0  9995
2 17561  15.0860   1.2343 0005365 321.2854  42.7698  0.99900004 98586
GOES 8 [-]              
1 23051U 94022A   18247.23625156 -.00000253  00000-0  00000+0 0  9990
2 23051  11.8994  34.8722 0005885 256.4157 103.3949  0.98907035 96002
GOES 9 [-]              
1 23581U 95025A   18247.52289573 -.00000051  00000-0  00000+0 0  9999
2 23581  11.3926  34.5237 0002450 111.5820  58.5076  0.98800266 84660
GOES 10 [-]             
1 24786U 97019A   18247.44737609  .00000007  00000-0  00000+0 0  9991
2 24786   9.8375  39.6266 0029089 175.1613 184.9677  0.99120917 77885
GOES 11 [-]             
1 26352U 00022A   18247.46877854 -.00000266  00000-0  00000+0 0  9997
2 26352   5.8434  70.0317 0004632 165.6516  79.8230  0.99046093 66840
GOES 12 [-]             
1 26871U 01031A   18247.36560949 -.00000265  00000-0  00000+0 0  9996
2 26871   7.1087  56.8975 0008185 234.4677 148.0639  0.99139810 62553
GOES 13 [B]             
1 29155U 06018A   18247.21327861 -.00000299  00000-0  00000+0 0  9999
2 29155   0.0285 161.4558 0007284 259.2067 299.4172  1.00278250 45010
GOES 14 [S]             
1 35491U 09033A   18247.33567896 -.00000110  00000-0  00000+0 0  9998
2 35491   0.3891 276.8780 0010714 301.4957 141.5567  1.00275141 33652
GOES 15 [+]             
1 36411U 10008A   18247.42087809  .00000073  00000-0  00000+0 0  9993
2 36411   0.4076 279.1562 0004368 265.6915 175.1542  1.00260017 31186
GOES 16 [+]             
1 41866U 16071A   18247.25521328 -.00000264  00000-0  00000+0 0  9992
2 41866   0.0108 104.7605 0000430 126.5899 128.6457  1.00269303  6605
