GORIZONT 1 [-]          
1 11158U 78118A   18246.46754384 -.00000119  00000-0  00000+0 0  9994
2 11158  14.0889 255.8595 3549032 210.1057 123.4583  1.00233587 94401
GORIZONT 2 [-]          
1 11440U 79062A   18246.77067365 -.00000006  00000-0  00000-0 0  9993
2 11440  12.1551 318.3613 0005043 276.4859  89.3021  1.00296261109511
GORIZONT 3 [-]          
1 11648U 79105A   18246.63539031 -.00000355  00000-0  00000-0 0  9997
2 11648  12.2769 319.5725 0010622 188.0578 171.5437  1.00296219 93964
GORIZONT 4 [-]          
1 11841U 80049A   18246.41914010 -.00000001  00000-0  00000+0 0  9998
2 11841  13.3133 324.2472 0004895 305.3243  90.9875  0.98628523205504
GORIZONT 5 [-]          
1 13092U 82020A   18246.78199455  .00000015  00000-0  00000+0 0  9991
2 13092  14.1205 329.0911 0031190 178.5941 187.0979  0.98529920 93562
GORIZONT 6 [-]          
1 13624U 82103A   18247.43730083  .00000083  00000-0  00000+0 0  9990
2 13624  12.9906 328.9830 0002417 291.7943  72.2244  1.00242675 92422
GORIZONT 7 [-]          
1 14160U 83066A   18247.25247216 -.00000030  00000-0  00000+0 0  9999
2 14160  14.3275 337.0262 0014129 286.8354  76.0428  0.98346610126836
GORIZONT 8 [-]          
1 14532U 83118A   18246.47265696 -.00000115  00000-0  00000-0 0  9990
2 14532  14.4194 338.6651 0024060 110.4971 267.3952  0.98270277 92565
GORIZONT 9 [-]          
1 14940U 84041A   18246.77488021 -.00000020  00000-0  00000+0 0  9995
2 14940  13.6444 337.1636 0004461 237.9912 112.8428  1.00227226 93515
GORIZONT 10 [-]         
1 15144U 84078A   18246.35086274 -.00000056  00000-0  00000+0 0  9999
2 15144  13.6913 338.1564 0004594 302.6049  76.2603  1.00166673126098
GORIZONT 11 [-]         
1 15484U 85007A   18247.51345955  .00000030  00000-0  00000+0 0  9993
2 15484  13.7759 339.9573 0001823 314.3568  55.9199  1.00253408124119
GORIZONT 12 [-]         
1 16769U 86044A   18246.92271576  .00000113  00000-0  00000+0 0  9995
2 16769  14.1351 344.9063 0004904 272.8411  98.7604  1.00295246118763
GORIZONT 13 [-]         
1 17083U 86090A   18246.59632425 -.00000177  00000-0  00000+0 0  9994
2 17083  15.6966 351.1289 0018711 298.1415  64.3237  0.96727048 91166
GORIZONT 14 [-]         
1 17969U 87040A   18245.87475747 -.00000071  00000-0  00000-0 0  9999
2 17969  15.0942 343.3070 0026795 141.1872 221.0879  0.97657970 92086
GORIZONT 15 [-]         
1 19017U 88028A   18247.01450351 -.00000177  00000-0  00000+0 0  9990
2 19017  15.7822 354.3364 0032226 120.9636 236.6737  0.97829695 91677
GORIZONT 16 [-]         
1 19397U 88071A   18247.12624005  .00000087  00000-0  00000+0 0  9999
2 19397  14.6743 353.1919 0014174   0.7105  62.6870  0.99977338109809
GORIZONT 17 [-]         
1 19765U 89004A   18247.08193678 -.00000256  00000-0  00000+0 0  9996
2 19765  15.0409 356.2048 0017610  92.6734 265.5195  0.99068765107408
GORIZONT 18 [-]         
1 20107U 89052A   18246.87966006  .00000079  00000-0  00000-0 0  9993
2 20107  15.0000 357.5260 0039243 280.3706  76.6152  0.99397621106148
GORIZONT 19 [-]         
1 20263U 89081A   18246.74932823 -.00000378  00000-0  00000-0 0  9997
2 20263  14.7614 356.9191 0005691 256.4878 113.2094  1.00269780 18836
GORIZONT 20 [-]         
1 20659U 90054A   18247.05433918 -.00000223  00000-0  00000+0 0  9992
2 20659  15.0204 359.8231 0003672 183.0587 267.3054  1.00231981103182
GORIZONT 21 [-]         
1 20923U 90094A   18247.02479993  .00000061  00000-0  00000+0 0  9999
2 20923  14.9815   0.6166 0004979 229.4516 138.2573  1.00213302101938
GORIZONT 22 [-]         
1 20953U 90102A   18246.68119704 -.00000344  00000-0  00000+0 0  9999
2 20953  14.9240   0.9142 0007057 297.8368  61.0110  1.00318938101890
GORIZONT 23 [-]         
1 21533U 91046A   18246.39424288 -.00000057  00000-0  00000+0 0  9997
2 21533  15.4403   4.7248 0008874 273.6996 117.8489  0.98906625 92607
GORIZONT 24 [-]         
1 21759U 91074A   18247.36130894 -.00000025  00000-0  00000+0 0  9998
2 21759  15.4796   6.3976 0018901 203.2844 164.6161  0.98441800 97051
GORIZONT 25 [-]         
1 21922U 92017A   18246.88251571  .00000058  00000-0  00000+0 0  9995
2 21922  15.0461   6.0553 0025336  32.9681 323.3462  0.99842403 96548
GORIZONT 26 [-]         
1 22041U 92043A   18247.42410663  .00000035  00000-0  00000+0 0  9992
2 22041  15.0976   7.7795 0032527 204.5036 140.8489  0.99242583 95272
GORIZONT 27 [-]         
1 22245U 92082A   18246.60654427 -.00000109  00000-0  00000-0 0  9992
2 22245  15.0241   7.8105 0015354 312.1581  45.6614  1.00227250 98620
GORIZONT 28 [-]         
1 22880U 93069A   18247.48939715  .00000073  00000-0  00000+0 0  9994
2 22880  14.9221  11.2974 0029126  95.4111 278.5856  0.99650128 90815
GORIZONT 29 [-]         
1 22907U 93072A   18246.65014110 -.00000221  00000-0  00000-0 0  9996
2 22907  14.8621  10.9587 0014332 292.3890 249.8877  1.00160413 90707
GORIZONT 30 [-]         
1 23108U 94030A   18247.40079017 -.00000031  00000-0  00000+0 0  9994
2 23108  14.8148  11.9224 0004583 250.5741 103.1315  1.00382856 88974
GORIZONT 31 [-]         
1 23775U 96005A   18246.88626684 -.00000084  00000-0  00000-0 0  9996
2 23775  14.3283  17.6289 0018640 177.6105 187.1694  0.99881069 82653
GORIZONT 32 [-]         
1 23880U 96034A   18247.15434251 -.00000163  00000-0  00000+0 0  9990
2 23880  14.2418  18.2407 0012584 293.9741  71.0595  1.00209291 81561
GORIZONT 33 [-]         
1 26372U 00029A   18246.65293264 -.00000110  00000-0  00000-0 0  9992
2 26372  12.2677  28.1617 0001947 277.5274 262.2935  1.00255483 66916
