INTELSAT 701 (IS-701)   
1 22871U 93066A   18246.89952670 -.00000322  00000-0  00000+0 0  9998
2 22871   5.0344  64.9218 0000919 141.6102 247.1213  0.99324869 90809
INTELSAT 26 (IS-26)     
1 24732U 97007A   18246.77424084 -.00000023  00000-0  00000-0 0  9994
2 24732   8.1150  46.9824 0002272 128.0332 152.3627  1.00273032 44226
GALAXY 25 (G-25)        
1 24812U 97026A   18246.30757371 -.00000175  00000-0  00000+0 0  9998
2 24812   0.4295  95.2281 0003390  69.8111 194.9803  1.00272858 77840
INTELSAT 5 (IS-5)       
1 24916U 97046A   18246.62084946  .00000079  00000-0  00000+0 0  9993
2 24916   4.4061  68.9218 0002540  59.3434 300.9408  1.00270577 77100
INTELSAT 805 (IS-805)   
1 25371U 98037A   18247.19115604 -.00000045  00000-0  00000+0 0  9993
2 25371   0.9652  92.6133 0003164  72.9264  55.6310  1.00271684 74055
AFRISTAR                
1 25515U 98063A   18247.36648185 -.00000256  00000-0  00000+0 0  9990
2 25515   4.1910  67.0851 0001589  94.5841 282.3568  0.99009259 72596
INTELSAT 8 (IS-8)       
1 25522U 98065A   18246.87745604 -.00000133  00000-0  00000-0 0  9994
2 25522   2.0081  86.3925 0292561 229.8442  17.7990  0.95185521 17746
GALAXY 11 (G-11)        
1 26038U 99071A   18246.83792248  .00000123  00000-0  00000-0 0  9995
2 26038   0.0413 111.5444 0000716 135.9606  81.9701  1.00269282 68575
SIRIUS-1                
1 26390U 00035A   18245.85181444  .00000068  00000-0  00000-0 0  9997
2 26390  59.4487 217.1884 0004252 260.8748 101.8132  1.57876925 26990
INTELSAT 9 (IS-9)       
1 26451U 00043A   18246.79946720  .00000032  00000-0  00000+0 0  9994
2 26451   4.3927  69.1268 0004586  99.7669 106.7112  1.00366555 66333
INTELSAT 12 (IS-12)     
1 26590U 00068A   18246.80118678  .00000122  00000-0  00000+0 0  9990
2 26590   1.4357  90.1220 0001855  34.9550 191.2264  1.00269635 65281
INTELSAT 1R (IS-1R)     
1 26608U 00072A   18247.18871344 -.00000153  00000-0  00000+0 0  9998
2 26608   1.2456  91.8612 0000858  43.8182  72.6118  1.00272026 65147
INTELSAT 10 (IS-10)     
1 26766U 01019A   18247.45406664  .00000109  00000-0  00000+0 0  9994
2 26766   2.4515  82.9627 0001037  64.7998  46.7401  1.00274005 63420
INTELSAT 901 (IS-901)   
1 26824U 01024A   18247.15155097 -.00000228  00000-0  00000+0 0  9996
2 26824   0.4107  94.7050 0002737  70.0371 203.5328  1.00272516 63093
INTELSAT 902 (IS-902)   
1 26900U 01039A   18247.16978326  .00000018  00000-0  00000+0 0  9992
2 26900   0.0214 238.0702 0003012 284.9497 303.3319  1.00273196 62264
DIRECTV 4S              
1 26985U 01052A   18247.49620155 -.00000130  00000-0  00000+0 0  9996
2 26985   0.0464 290.0414 0002422 239.4445 251.5166  1.00271706 61497
INTELSAT 904 (IS-904)   
1 27380U 02007A   18245.92472617  .00000125  00000-0  00000-0 0  9995
2 27380   0.0146 183.6031 0002597 346.8855 189.5257  1.00272301 23252
INTELSAT 903 (IS-903)   
1 27403U 02016A   18247.43810248 -.00000240  00000-0  00000+0 0  9993
2 27403   0.7967  93.7692 0002189  52.3024 323.6554  1.00270516 60140
DIRECTV 5 (TEMPO 1)     
1 27426U 02023A   18247.35198310 -.00000072  00000-0  00000+0 0  9999
2 27426   0.0132 154.8220 0003338  19.9344 185.2541  1.00271695 59807
INTELSAT 905 (IS-905)   
1 27438U 02027A   18247.43967272 -.00000200  00000-0  00000+0 0  9999
2 27438   0.0282 229.3561 0002343 280.9905 326.9498  1.00272014 59452
GALAXY 3C (G-3C)        
1 27445U 02030A   18245.31563510 -.00000161  00000-0  00000+0 0  9999
2 27445   0.0419 317.5084 0001510   8.5999  33.8919  1.00270701 59435
INTELSAT 906 (IS-906)   
1 27513U 02041A   18247.17021944 -.00000000  00000-0  00000+0 0  9995
2 27513   0.0252 218.7462 0002616 323.8893 286.0258  1.00272071 58464
INTELSAT 907 (IS-907)   
1 27683U 03007A   18247.12313950 -.00000217  00000-0  00000+0 0  9992
2 27683   0.0246 216.6594 0002698 309.0957 194.2600  1.00271146 56882
GALAXY 12 (G-12)        
1 27715U 03013B   18247.49061845  .00000043  00000-0  00000+0 0  9994
2 27715   0.0223 135.5868 0002629  62.6028 192.9885  1.00272040 56504
GALAXY 23 (G-23)        
1 27854U 03034A   18247.49218869 -.00000003  00000-0  00000+0 0  9998
2 27854   0.0086 197.1363 0003057 330.1976 232.4186  1.00271629 60040
GALAXY 13 (HORIZONS-1)  
1 27954U 03044A   18247.13209740  .00000033  00000-0  00000+0 0  9991
2 27954   0.0258 115.5157 0000348 284.9002 223.3139  1.00270667 54651
DIRECTV 7S              
1 28238U 04016A   18246.70291878 -.00000013  00000-0  00000+0 0  9991
2 28238   0.0466 300.9701 0003076 233.2373 302.5554  1.00273211 52558
INTELSAT 10-02          
1 28358U 04022A   18246.83590918 -.00000025  00000-0  00000+0 0  9995
2 28358   0.0105 169.9737 0000108 270.5637 202.3247  1.00270759 52115
XM-3 (RHYTHM)           
1 28626U 05008A   18247.18156970 -.00000221  00000-0  00000+0 0  9991
2 28626   0.0074 317.3540 0000263 342.8618  23.2954  1.00271019 49552
SPACEWAY 1              
1 28644U 05015A   18247.13401656 -.00000004  00000-0  00000+0 0  9997
2 28644   0.0342 227.2576 0000179  64.7869 341.9568  1.00126830 49003
DIRECTV 8               
1 28659U 05019A   18247.32630048 -.00000131  00000-0  00000+0 0  9998
2 28659   0.0345 349.9634 0002886 180.7408 189.3081  1.00271908 48688
GALAXY 28 (G-28)        
1 28702U 05022A   18247.18174331 -.00000200  00000-0  00000+0 0  9990
2 28702   0.0167 195.1213 0000208  30.0073  94.5588  1.00271939 48317
GALAXY 14 (G-14)        
1 28790U 05030A   18246.62990238  .00000023  00000-0  00000+0 0  9998
2 28790   0.0584 287.2963 0002426 241.9285 275.2497  1.00271371 47792
GALAXY 15 (G-15)        
1 28884U 05041A   18246.70012722  .00000065  00000-0  00000+0 0  9992
2 28884   0.0582 279.5908 0001761 241.8924 300.3358  1.00272549 47117
SPACEWAY 2              
1 28903U 05046B   18246.85050017 -.00000140  00000-0  00000-0 0  9990
2 28903   0.0095  80.2025 0000315 227.1627 242.6704  1.00271772 22827
GALAXY 16 (G-16)        
1 29236U 06023A   18247.49663774 -.00000143  00000-0  00000+0 0  9999
2 29236   0.0138 221.1132 0002582 309.6258 252.6152  1.00271954 44761
DIRECTV 9S              
1 29494U 06043A   18247.49620155 -.00000130  00000-0  00000+0 0  9999
2 29494   0.0167 146.0186 0003135  30.8061 244.2770  1.00271553 43603
XM-4 (BLUES)            
1 29520U 06049A   18247.46438236 -.00000039  00000-0  00000+0 0  9997
2 29520   0.0482 307.2331 0000563 284.6924 163.5487  1.00273682 43495
GALAXY 17 (G-17)        
1 31307U 07016B   18247.42641288 -.00000190  00000-0  00000+0 0  9995
2 31307   0.0423 324.4838 0003285 200.3330 241.1886  1.00270081 41572
DIRECTV 10              
1 31862U 07032A   18247.33177337 -.00000118  00000-0  00000+0 0  9998
2 31862   0.0455 312.3944 0000818 301.9879 105.6156  1.00271263 40905
SPACEWAY 3              
1 32018U 07036A   18246.85128529 -.00000165  00000-0  00000-0 0  9994
2 32018   0.0064 264.0957 0000205 315.1479 335.1983  1.00272022 18070
INTELSAT 11 (IS-11)     
1 32253U 07044B   18247.50754221 -.00000285  00000-0  00000+0 0  9993
2 32253   0.0405 231.2302 0001411 313.9476 298.1145  1.00271326 40027
HORIZONS-2              
1 32388U 07063B   18247.49726410 -.00000198  00000-0  00000+0 0  9993
2 32388   0.0232 128.4796 0002591  40.8256  78.1169  1.00269175 39377
DIRECTV 11              
1 32729U 08013A   18247.13759323 -.00000141  00000-0  00000+0 0  9996
2 32729   0.0121 321.1120 0000332 300.8112  31.6355  1.00271389 38423
GALAXY 18 (G-18)        
1 32951U 08024A   18246.39044178  .00000012  00000-0  00000+0 0  9993
2 32951   0.0254 246.9806 0003153 280.7109 192.3250  1.00274395 37572
INTELSAT 25 (IS-25)     
1 33153U 08034A   18246.13687088 -.00000236  00000-0  00000+0 0  9993
2 33153   0.0339 247.8172 0001959 323.3703 148.8099  1.00271454 37124
GALAXY 19 (G-19)        
1 33376U 08045A   18247.31562609 -.00000155  00000-0  00000+0 0  9994
2 33376   0.0042 156.7855 0003297  21.7808 181.4417  1.00271416 36337
SIRIUS FM-5             
1 35493U 09034A   18247.51368753 -.00000216  00000-0  00000+0 0  9999
2 35493   0.0163 231.1417 0000068 130.8023  80.4188  1.00270389 33472
INTELSAT 14 (IS-14)     
1 36097U 09064A   18247.17156761 -.00000289  00000-0  00000+0 0  9999
2 36097   0.0071 134.5960 0002350  40.9439 184.4695  1.00270702 32205
INTELSAT 15 (IS-15)     
1 36106U 09067A   18246.88722644 -.00000200  00000-0  00000-0 0  9993
2 36106   0.0123 107.2828 0001963  64.3144 215.9067  1.00272272 12795
DIRECTV 12              
1 36131U 09075A   18247.39493716 -.00000119  00000-0  00000+0 0  9990
2 36131   0.0409 301.9845 0000382 293.1882 147.6725  1.00271822 31880
INTELSAT 16 (IS-16)     
1 36397U 10006A   18247.50117399 -.00000261  00000-0  00000+0 0  9991
2 36397   0.0257 134.4538 0001972  36.0694 277.2628  1.00268911 31230
XM-5                    
1 37185U 10053A   18247.06858970 -.00000219  00000-0  00000+0 0  9990
2 37185   0.0210 141.4966 0001401  14.2077 126.9149  1.00269448 28935
INTELSAT 17 (IS-17)     
1 37238U 10065B   18246.88338807 -.00000016  00000-0  00000-0 0  9999
2 37238   0.0337 245.4663 0002606 286.5672 194.9461  1.00271152 24906
INTELSAT NEW DAWN       
1 37392U 11016A   18246.88938111  .00000141  00000-0  00000-0 0  9999
2 37392   0.0346 233.3440 0000382 139.3537 323.2447  1.00270851 24793
INTELSAT 18 (IS-18)     
1 37834U 11056A   18247.45775345  .00000036  00000-0  00000+0 0  9998
2 37834   0.0213 241.3583 0001995 287.4809 159.4888  1.00268922 25348
INTELSAT 22 (IS-22)     
1 38098U 12011A   18246.84722599 -.00000073  00000-0  00000+0 0  9990
2 38098   0.0124 131.4091 0002699  38.7680 189.8361  1.00272528 23541
INTELSAT 19 (IS-19)     
1 38356U 12030A   18246.58702822 -.00000070  00000-0  00000+0 0  9993
2 38356   0.0117 257.0515 0002820 274.3009 188.6609  1.00270840 23003
INTELSAT 20 (IS-20)     
1 38740U 12043A   18246.85715860 -.00000039  00000-0  00000+0 0  9995
2 38740   0.0156 150.7064 0002353  35.6138 173.6848  1.00273149 22321
INTELSAT 21 (IS-21)     
1 38749U 12045A   18246.21030655 -.00000297  00000-0  00000-0 0  9995
2 38749   0.0113 107.5597 0001985  62.7453 189.7079  1.00271389 22020
INTELSAT 23 (IS-23)     
1 38867U 12057A   18246.19647408 -.00000296  00000-0  00000-0 0  9995
2 38867   0.0139 137.2305 0001767  40.6614 182.1179  1.00270390 21497
SIRIUS FM-6             
1 39360U 13058A   18247.36860027 -.00000033  00000-0  00000+0 0  9998
2 39360   0.0162 174.6124 0000540 267.5086 277.8851  1.00268546 17840
INTELSAT 30 (IS-30)     
1 40271U 14062A   18247.19840954 -.00000166  00000-0  00000+0 0  9992
2 40271   0.0241 133.1636 0001731 312.1875 234.2936  1.00268585 14251
INTELSAT 34 (IS-34)     
1 40874U 15039A   18246.20337578 -.00000297  00000-0  00000+0 0  9995
2 40874   0.0165 160.6974 0000301 218.4864 340.8173  1.00270160 11169
INTELSAT 29E (IS-29E)   
1 41308U 16004A   18246.18815889 -.00000294  00000-0  00000+0 0  9991
2 41308   0.0539 268.4262 0001698 264.8039 186.7812  1.00271099  9642
INTELSAT 31 (IS-31)     
1 41581U 16035A   18247.31017297 -.00000166  00000-0  00000+0 0  9999
2 41581   0.0346 248.6657 0001935 347.1100 124.2130  1.00270847  8196
INTELSAT 36 (IS-36)     
1 41747U 16053A   18245.85985230 -.00000036  00000-0  00000-0 0  9998
2 41747   0.0108 122.2373 0002594 240.1429 357.6210  1.00270292  7448
INTELSAT 33E (IS-33E)   
1 41748U 16053B   18246.88068922  .00000035  00000-0  00000-0 0  9991
2 41748   0.0228  53.3248 0002925 130.2955 176.3857  1.00271880  7748
INTELSAT 32E (IS-32E)   
1 41945U 17007B   18247.16650518 -.00000284  00000-0  00000+0 0  9996
2 41945   0.0035 195.4120 0000105 145.2594  19.3355  1.00269852  5746
INTELSAT 35E (IS-35E)   
1 42818U 17041A   18247.14241463 -.00000253  00000-0  00000+0 0  9993
2 42818   0.0253 220.1105 0001533 326.8491 173.0456  1.00271146  4339
INTELSAT 37E (IS-37E)   
1 42950U 17059A   18246.09953471 -.00000153  00000-0  00000+0 0  9990
2 42950   0.0104 153.3024 0002529  20.3001 186.4100  1.00271149  3535
