IRIDIUM 106             
1 41917U 17003A   18247.44697210  .00000078  00000-0  20919-4 0  9998
2 41917  86.4018 196.4213 0001780  92.9491 267.1908 14.34218017 85756
IRIDIUM 103             
1 41918U 17003B   18247.50405904  .00000055  00000-0  12436-4 0  9993
2 41918  86.4017 196.3067 0002104  69.8506 290.2916 14.34216570 85795
IRIDIUM 109             
1 41919U 17003C   18247.37085908  .00000078  00000-0  20775-4 0  9997
2 41919  86.4019 196.3749 0002137  82.3740 277.7698 14.34217416 85754
IRIDIUM 102             
1 41920U 17003D   18247.40891889  .00000070  00000-0  18029-4 0  9997
2 41920  86.4018 196.3439 0002417  80.4214 279.7255 14.34216687 85825
IRIDIUM 105             
1 41921U 17003E   18247.31020079  .00000070  00000-0  17993-4 0  9992
2 41921  86.4031 164.7864 0000732 102.0595 258.0683 14.34227781 87669
IRIDIUM 104             
1 41922U 17003F   18247.49136254  .00000042  00000-0  79455-5 0  9996
2 41922  86.4017 196.3083 0001798  87.2490 272.8912 14.34216697 85828
IRIDIUM 114             
1 41923U 17003G   18247.42794137  .00000073  00000-0  19153-4 0  9992
2 41923  86.4018 196.3263 0002206  94.2404 265.9044 14.34217880 85811
IRIDIUM 108             
1 41924U 17003H   18247.38646023  .00000062  00000-0  15016-4 0  9990
2 41924  86.4026 164.8198 0001892  93.6902 266.4510 14.34218821 87669
IRIDIUM 112             
1 41925U 17003J   18247.41526249  .00000074  00000-0  19288-4 0  9990
2 41925  86.4014 196.3088 0002751  89.5090 270.6421 14.34217651 85848
IRIDIUM 111             
1 41926U 17003K   18247.40255303  .00000070  00000-0  17881-4 0  9993
2 41926  86.4016 196.3232 0002030  75.3027 284.8394 14.34220518 85869
IRIDIUM 113             
1 42803U 17039A   18247.45227387  .00000000  00000-0 -68942-5 0  9992
2 42803  86.3933  69.9720 0001668  72.0089 288.1288 14.34218362 63731
IRIDIUM 123             
1 42804U 17039B   18247.56353128  .00000062  00000-0  15013-4 0  9995
2 42804  86.3938 101.5451 0002158  79.8805 280.2634 14.34219961 62516
IRIDIUM 120             
1 42805U 17039C   18247.44594398  .00000006  00000-0 -49224-5 0  9990
2 42805  86.3921  70.1255 0001542  70.9384 289.1979 14.34218268 63725
IRIDIUM 115             
1 42806U 17039D   18247.55439383  .00000035  00000-0  44488-5 0  9993
2 42806  86.4463  69.7686 0004851  79.2841 280.8906 14.43277244 64252
IRIDIUM 118             
1 42807U 17039E   18247.52549342  .00000073  00000-0  18959-4 0  9993
2 42807  86.3937 101.5705 0002564  83.2815 276.8672 14.34219395 62515
IRIDIUM 117             
1 42808U 17039F   18247.54449868  .00000065  00000-0  16309-4 0  9996
2 42808  86.3936 101.5449 0001400  86.6079 273.5277 14.34220427 62543
IRIDIUM 126             
1 42809U 17039G   18247.50012062  .00000067  00000-0  17032-4 0  9991
2 42809  86.3938 101.5707 0002033  83.4846 276.6582 14.34219190 62518
IRIDIUM 124             
1 42810U 17039H   18247.52884277  .00000066  00000-0  43919-5 0  9993
2 42810  85.6774  53.1038 0013736 143.4667 216.7495 14.84162284 64616
IRIDIUM 128             
1 42811U 17039J   18247.28155432  .00000073  00000-0  18921-4 0  9993
2 42811  86.3987 133.2278 0001961  50.3156 309.8213 14.34216459 62500
IRIDIUM 121             
1 42812U 17039K   18247.51913572  .00000063  00000-0  15598-4 0  9993
2 42812  86.3938 101.5753 0002077  80.9036 279.2394 14.34219405 62502
IRIDIUM 133             
1 42955U 17061A   18247.24350385  .00000062  00000-0  14991-4 0  9998
2 42955  86.3989 133.2956 0002086  66.5760 293.5655 14.34216129 47295
IRIDIUM 100             
1 42956U 17061B   18247.23716194  .00000054  00000-0  12363-4 0  9994
2 42956  86.3987 133.2849 0002015  84.1292 276.0134 14.34218280 47314
IRIDIUM 122             
1 42957U 17061C   18247.27521082  .00000101  00000-0  28926-4 0  9994
2 42957  86.3987 133.2637 0001919  56.8115 303.3265 14.34215915 47302
IRIDIUM 129             
1 42958U 17061D   18247.23082293  .00000054  00000-0  12286-4 0  9996
2 42958  86.3988 133.3180 0002013  68.4884 291.6526 14.34218788 47317
IRIDIUM 119             
1 42959U 17061E   18247.26887126  .00000065  00000-0  15972-4 0  9995
2 42959  86.3988 133.2839 0002182  68.5628 291.5800 14.34215734 47336
IRIDIUM 107             
1 42960U 17061F   18247.28790312  .00000061  00000-0  14805-4 0  9999
2 42960  86.3988 133.2795 0001963  81.5659 278.5759 14.34218209 47354
IRIDIUM 132             
1 42961U 17061G   18247.29423854  .00000014  00000-0 -21807-5 0  9995
2 42961  86.3989 133.2714 0001662  82.1106 278.0278 14.34216084 47346
IRIDIUM 136             
1 42962U 17061H   18247.25617888  .00000051  00000-0  11071-4 0  9995
2 42962  86.3989 133.2858 0002328  71.3595 288.7853 14.34219403 47354
IRIDIUM 139             
1 42963U 17061J   18247.26252861  .00000060  00000-0  14295-4 0  9994
2 42963  86.3990 133.2989 0001943  78.7631 281.3783 14.34218360 47369
IRIDIUM 125             
1 42964U 17061K   18247.24984083  .00000058  00000-0  13658-4 0  9990
2 42964  86.3992 133.3142 0001967  80.9545 279.1873 14.34218944 47373
IRIDIUM 135             
1 43070U 17083A   18247.50305049  .00000042  00000-0  81007-5 0  9998
2 43070  86.3930  69.9750 0002338 101.9931 258.1527 14.34218929 36700
IRIDIUM 138             
1 43071U 17083B   18247.52839838  .00000039  00000-0  69689-5 0  9997
2 43071  86.3919  69.9457 0002058  84.0501 276.0929 14.34218689 36691
IRIDIUM 116             
1 43072U 17083C   18247.49668447  .00000017  00000-0 -83237-6 0  9993
2 43072  86.3926  69.9973 0002446  86.4724 273.6752 14.34218258 36720
IRIDIUM 130             
1 43073U 17083D   18247.53475296  .00000036  00000-0  59577-5 0  9996
2 43073  86.3936  69.9766 0002185  85.0497 275.0949 14.34217405 36675
IRIDIUM 151             
1 43074U 17083E   18247.50936241  .00000034  00000-0  50457-5 0  9992
2 43074  86.3930  69.9839 0002597  87.6978 272.4515 14.34218774 36692
IRIDIUM 134             
1 43075U 17083F   18247.54740891  .00000030  00000-0  34856-5 0  9992
2 43075  86.3931  69.9357 0001809  93.5912 266.5491 14.34219098 36662
IRIDIUM 137             
1 43076U 17083G   18247.56010692  .00000035  00000-0  53457-5 0  9997
2 43076  86.3933  69.9723 0002745  86.4988 273.6522 14.34218611 36738
IRIDIUM 141             
1 43077U 17083H   18247.55378782  .00000036  00000-0  59671-5 0  9999
2 43077  86.3928  69.9606 0002306  81.8335 278.3122 14.34217903 36732
IRIDIUM 153             
1 43078U 17083J   18247.50601211  .00000031  00000-0  41820-5 0  9993
2 43078  86.3973  38.3660 0002231  55.9771 304.1636 14.34249355 37832
IRIDIUM 131             
1 43079U 17083K   18247.54107287  .00000031  00000-0  41042-5 0  9998
2 43079  86.3934  69.9617 0001986  85.6929 274.4494 14.34218753 36662
IRIDIUM 144             
1 43249U 18030A   18247.51229169  .00000076  00000-0  19940-4 0  9991
2 43249  86.3970  38.3771 0001878 103.9173 256.2232 14.34216266 22713
IRIDIUM 149             
1 43250U 18030B   18247.51867130  .00000062  00000-0  15078-4 0  9992
2 43250  86.3969  38.3719 0001961 107.9784 252.1626 14.34218311 22715
IRIDIUM 157             
1 43251U 18030C   18247.46791279  .00000081  00000-0  21853-4 0  9996
2 43251  86.3971  38.3828 0002562  82.1896 277.9591 14.34218864 22681
IRIDIUM 140             
1 43252U 18030D   18247.48693357  .00000072  00000-0  18820-4 0  9997
2 43252  86.3971  38.3883 0001558 133.4762 226.6564 14.34217835 22744
IRIDIUM 145             
1 43253U 18030E   18247.47426553  .00000077  00000-0  20264-4 0  9999
2 43253  86.3970  38.3782 0003048 126.5502 233.5974 14.34217226 22671
IRIDIUM 146             
1 43254U 18030F   18247.52499211  .00000071  00000-0  18192-4 0  9998
2 43254  86.3970  38.3749 0002434 104.8432 255.3033 14.34217763 22690
IRIDIUM 148             
1 43255U 18030G   18247.49327822  .00000076  00000-0  20076-4 0  9992
2 43255  86.3971  38.3908 0002478  92.8058 267.3421 14.34217718 22736
IRIDIUM 142             
1 43256U 18030H   18247.46154290  .00000077  00000-0  20476-4 0  9992
2 43256  86.3967  38.3984 0002218  94.7889 265.3560 14.34215799 22684
IRIDIUM 150             
1 43257U 18030J   18247.49964956  .00000068  00000-0  17309-4 0  9995
2 43257  86.3970  38.4073 0002030  96.6002 263.5425 14.34217911 22733
IRIDIUM 143             
1 43258U 18030K   18247.48060175  .00000067  00000-0  16881-4 0  9998
2 43258  86.3974  38.3892 0002477 115.3916 244.7536 14.34217501 22676
IRIDIUM 161             
1 43478U 18047C   18247.39665260  .00000081  00000-0  18077-4 0  9991
2 43478  86.4539 196.4953 0002195  77.0296 283.1150 14.43281164 15109
IRIDIUM 152             
1 43479U 18047D   18247.45330987  .00000067  00000-0  16841-4 0  9995
2 43479  86.4013 196.3533 0002545  90.2125 269.9363 14.34216669 15046
IRIDIUM 147             
1 43480U 18047E   18247.38989048  .00000071  00000-0  18198-4 0  9999
2 43480  86.4014 196.3367 0002383  78.2932 281.8531 14.34217887 15027
IRIDIUM 110             
1 43481U 18047F   18247.39622240  .00000078  00000-0  20619-4 0  9997
2 43481  86.4018 196.3496 0001813  88.6496 271.4908 14.34216923 15014
IRIDIUM 162             
1 43482U 18047G   18247.39030541  .00000069  00000-0  14575-4 0  9999
2 43482  86.4538 196.4289 0002041  75.7885 284.3543 14.43280160 15096
IRIDIUM 160             
1 43569U 18061A   18247.34206831  .00000055  00000-0  12577-4 0  9998
2 43569  86.4028 164.7829 0002482  81.8018 278.3459 14.34213904  5909
IRIDIUM 166             
1 43570U 18061B   18247.36743824  .00000037  00000-0  61355-5 0  9999
2 43570  86.4027 164.7620 0002014  88.9386 271.2041 14.34216194  5932
IRIDIUM 158             
1 43571U 18061C   18247.33571930  .00000055  00000-0  12640-4 0  9996
2 43571  86.4027 164.7822 0002362  91.4156 268.7311 14.34219316  5904
IRIDIUM 165             
1 43572U 18061D   18247.29132050  .00000029  00000-0  32561-5 0  9994
2 43572  86.4029 164.7952 0002292  90.3638 269.7820 14.34218086  5916
IRIDIUM 155             
1 43573U 18061E   18247.32303553  .00000044  00000-0  87394-5 0  9998
2 43573  86.4024 164.7858 0001412  71.4995 288.6354 14.34216691  5895
IRIDIUM 154             
1 43574U 18061F   18247.37378373  .00000041  00000-0  75836-5 0  9991
2 43574  86.4028 164.7642 0002567  81.3992 278.7495 14.34218351  5947
IRIDIUM 163             
1 43575U 18061G   18247.28497773  .00000031  00000-0  39317-5 0  9991
2 43575  86.4026 164.8023 0002543 103.2620 256.8859 14.34218531  5903
IRIDIUM 156             
1 43576U 18061H   18247.32937787  .00000046  00000-0  91961-5 0  9990
2 43576  86.4026 164.7878 0001912  93.5594 266.5820 14.34218486  5894
IRIDIUM 164             
1 43577U 18061J   18247.38011576  .00000053  00000-0  11871-4 0  9995
2 43577  86.4028 164.7640 0002421  85.9228 274.2245 14.34218571  5958
IRIDIUM 159             
1 43578U 18061K   18247.48794533  .00000038  00000-0  64499-5 0  9996
2 43578  86.4025 164.7154 0002398  83.1402 277.0067 14.34216583  5935
