IRIDIUM 7 [-]           
1 24793U 97020B   18247.22966118  .00000050  00000-0  10830-4 0  9991
2 24793  86.3981 133.4401 0002117  86.8937 273.2501 14.34260390116842
IRIDIUM 5 [-]           
1 24795U 97020D   18247.56518054  .00000192  00000-0  18184-4 0  9999
2 24795  86.3973 123.9738 0137445 237.1012 121.6924 14.79950782118296
IRIDIUM 4 [-]           
1 24796U 97020E   18247.28183823  .00000054  00000-0  11896-4 0  9991
2 24796  86.3973 131.9711 0002124  83.5094  55.4315 14.35192105117000
IRIDIUM 914 [-]         
1 24836U 97030A   18247.31669056  .00000082  00000-0  20312-4 0  9992
2 24836  86.3977 147.5149 0003934  87.5534 272.6115 14.38836693112804
IRIDIUM 12 [-]          
1 24837U 97030B   18245.04306069  .19478961 -19628-5  21160-3 0  9991
2 24837  86.3806 163.9159 0051848 120.4905 240.4791 16.44575885110538
IRIDIUM 10 [+]          
1 24839U 97030D   18247.36727980  .00000153  00000-0  47453-4 0  9995
2 24839  86.4013 164.4177 0002238  83.6827 276.4623 14.34218386110629
IRIDIUM 16 [-]          
1 24841U 97030F   18247.32803418  .00000068  00000-0  16339-4 0  9999
2 24841  86.4095 164.0345 0000365 339.3638  20.7544 14.36795706111356
IRIDIUM 911 [-]         
1 24842U 97030G   18247.26548718  .00000089  00000-0  19544-4 0  9996
2 24842  86.4522 164.5825 0016506  60.1424 300.1416 14.45051055117076
IRIDIUM 15 [B]          
1 24869U 97034A   18247.42171916  .00000106  00000-0  28076-4 0  9999
2 24869  86.4229 196.2093 0002153  75.4892 284.6545 14.38603298107802
IRIDIUM 17 [-]          
1 24870U 97034B   18247.38435234  .00000093  00000-0  25214-4 0  9998
2 24870  86.4013 194.0366 0002167 131.8139 228.3243 14.35837911107910
IRIDIUM 920 [-]         
1 24871U 97034C   18247.34721487  .00000096  00000-0  24293-4 0  9992
2 24871  86.4034 179.1965 0010613 329.5844  30.4738 14.39548213110246
IRIDIUM 921 [-]         
1 24873U 97034E   18247.53379197  .00000801  00000-0  44522-4 0  9993
2 24873  86.3941 215.7966 0008159 158.8784 201.2793 15.12053523155223
IRIDIUM 26 [-]          
1 24903U 97043A   18247.52997862  .00000102  00000-0  28558-4 0  9996
2 24903  86.3924  68.7870 0002013  86.9591 273.1836 14.35326418101708
IRIDIUM 46 [-]          
1 24905U 97043C   18247.50697130  .00032635 -81825-6  20121-3 0  9995
2 24905  86.3810  55.0317 0249148 313.6187  44.4632 15.44816188103526
IRIDIUM 22 [-]          
1 24907U 97043E   18247.54257797  .00000090  00000-0  24936-4 0  9990
2 24907  86.3926  70.4148 0002205  88.6673 271.4775 14.34261295101528
DUMMY MASS 1 [-]        
1 24925U 97048A   18246.92962076  .00000066  00000-0  44732-5 0  9999
2 24925  86.3389 198.8027 0004617 276.1585  83.9113 14.85180889137208
DUMMY MASS 2 [-]        
1 24926U 97048B   18246.97002400  .00000066  00000-0  44670-5 0  9992
2 24926  86.3388 199.9715 0005507 287.6347  72.4275 14.84948681137287
IRIDIUM 29 [-]          
1 24944U 97051A   18247.54687313  .00000111  00000-0  32283-4 0  9999
2 24944  86.3928 101.0698 0002378  88.0236 272.1232 14.34667647 98142
IRIDIUM 32 [+]          
1 24945U 97051B   18247.57610274  .00000025  00000-0  19001-5 0  9993
2 24945  86.3918 101.3734 0002615  92.3432 267.8063 14.34218650 98112
IRIDIUM 33 [-]          
1 24946U 97051C   18247.52476763  .00000075  00000-0  20146-4 0  9998
2 24946  86.3842 100.8100 0006209 225.4593 134.6096 14.33615359 97695
IRIDIUM 28 [-]          
1 24948U 97051E   18247.54651326  .00000093  00000-0  25381-4 0  9998
2 24948  86.3931 100.0350 0001745  87.5176 272.6220 14.35623379 98336
IRIDIUM 31 [B]          
1 24950U 97051G   18247.18406259 -.00000044  00000-0 -20765-4 0  9993
2 24950  86.4189 101.6745 0002134  73.5012 286.6421 14.38607343 98207
IRIDIUM 35 [B]          
1 24966U 97056B   18247.32651782  .00000134  00000-0  37362-4 0  9993
2 24966  86.4238 133.1072 0002369  82.1528 277.9940 14.38605234 96248
IRIDIUM 36 [-]          
1 24967U 97056C   18247.25608712  .00000083  00000-0  22015-4 0  9993
2 24967  86.3986 131.8214 0002190  89.3024 270.8423 14.35678865 96574
IRIDIUM 40 [-]          
1 25041U 97069C   18247.40276189  .00325578  44155-4  48319-3 0  9993
2 25041  86.3636 151.4803 0050075 325.9815  33.8264 16.02307337 96056
IRIDIUM 39 [-]          
1 25042U 97069D   18247.35701869  .00000103  00000-0  23007-4 0  9995
2 25042  86.3974 189.7068 0016751 277.4709  82.4590 14.46259010 90916
IRIDIUM 38 [-]          
1 25043U 97069E   18247.42123896  .00000100  00000-0  27645-4 0  9991
2 25043  86.4012 192.8965 0000963  67.1034 293.0264 14.36105636 90488
IRIDIUM 42 [-]          
1 25077U 97077A   18247.45144881  .00000110  00000-0  32129-4 0  9991
2 25077  86.4013 196.1403 0001711  81.8762 278.2628 14.34530231 85870
IRIDIUM 44 [-]          
1 25078U 97077B   18247.32545496  .00000114  00000-0  30905-4 0  9999
2 25078  86.4018 184.6601 0000625 135.5925 224.5324 14.38207666 87460
IRIDIUM 45 [+]          
1 25104U 97082A   18247.20823214 -.00000074  00000-0 -33315-4 0  9994
2 25104  86.3926 101.6564 0001483  65.8383 294.2967 14.34218283 84018
IRIDIUM 24 [-]          
1 25105U 97082B   18247.52286659  .00000099  00000-0  25263-4 0  9994
2 25105  86.3905  47.7908 0010368 331.8708  28.1930 14.39941072 86792
IRIDIUM 52 [+]          
1 25169U 98010A   18247.27847007  .00000147  00000-0  45492-4 0  9998
2 25169  86.4018 164.7956 0002204  84.5392 275.6055 14.34218958 75433
IRIDIUM 56 [P]          
1 25170U 98010B   18247.37633549  .00003237  00000-0  15841-3 0  9992
2 25170  86.4055 164.6539 0241693 145.8213 215.8850 14.95571912 75452
IRIDIUM 54 [+]          
1 25171U 98010C   18247.37362352  .00000153  00000-0  47440-4 0  9999
2 25171  86.4018 164.7784 0002185  83.9167 276.2278 14.34217760 75597
IRIDIUM 50 [P]          
1 25172U 98010D   18247.37215097  .00006473  00000-0  19624-3 0  9996
2 25172  86.3908 164.6309 0249481 173.6899 186.7587 15.08515081 75438
IRIDIUM 53 [+]          
1 25173U 98010E   18247.35458820  .00000147  00000-0  45531-4 0  9997
2 25173  86.4018 164.7494 0002202  84.1653 275.9794 14.34218963 75438
IRIDIUM 51 [-]          
1 25262U 98018A   18247.56943993  .00000525  00000-0  35372-4 0  9999
2 25262  86.3989 122.3275 0206865 195.9926 163.4707 14.88130432 76423
IRIDIUM 61 [B]          
1 25263U 98018B   18247.25051821  .00000123  00000-0  33528-4 0  9991
2 25263  86.4250 133.3408 0002930  59.3505 300.7981 14.38610648 70622
IRIDIUM 55 [B]          
1 25272U 98019A   18247.12099586 -.00000012  00000-0 -10344-4 0  9998
2 25272  86.4184 101.4881 0002270  73.1484 286.9963 14.38608838 69852
IRIDIUM 57 [-]          
1 25273U 98019B   18247.55758955  .00000076  00000-0  19966-4 0  9995
2 25273  86.3932 101.6250 0002174  86.6766 273.4679 14.34312064 69764
IRIDIUM 58 [B]          
1 25274U 98019C   18247.12718216 -.00000019  00000-0 -12647-4 0  9993
2 25274  86.4183 101.9943 0001857  71.8451 288.2950 14.38605825 69850
IRIDIUM 59 [+]          
1 25275U 98019D   18247.53171827  .00000046  00000-0  92772-5 0  9996
2 25275  86.3927 101.6777 0002274  85.1176 275.0280 14.34223406 69750
IRIDIUM 60 [+]          
1 25276U 98019E   18247.18920671 -.00000043  00000-0 -22513-4 0  9991
2 25276  86.3924 101.4223 0002066  79.0593 281.0835 14.34221131 69707
IRIDIUM 62 [B]          
1 25285U 98021A   18247.50025549 -.00000030  00000-0 -16368-4 0  9997
2 25285  86.4210  38.1885 0002005  82.8989 277.2437 14.38601774 68747
IRIDIUM 63 [-]          
1 25286U 98021B   18247.50287022  .00000102  00000-0  28880-4 0  9994
2 25286  86.3988  38.6039 0002343  90.3451 332.5270 14.34738792 68756
IRIDIUM 64 [B]          
1 25287U 98021C   18247.50656946 -.00000040  00000-0 -19504-4 0  9996
2 25287  86.4210  38.2318 0002028  90.7245 269.4185 14.38601755 68729
IRIDIUM 69 [-]          
1 25319U 98026A   18247.54073976  .00000122  00000-0  33136-4 0  9993
2 25319  86.3961  58.8016 0000699 158.6812 201.4416 14.38752024 66925
IRIDIUM 71 [-]          
1 25320U 98026B   18247.54213582  .00000104  00000-0  27242-4 0  9995
2 25320  86.3949  54.4722 0001938  30.9181 329.2131 14.39163250 67378
IRIDIUM 70 [+]          
1 25342U 98032A   18247.44332817 -.00000056  00000-0 -24813-4 0  9997
2 25342  86.4206  38.5786 0001795  89.1593 270.9811 14.38602434 62807
IRIDIUM 73 [-]          
1 25344U 98032C   18247.50007558  .00000073  00000-0  13933-4 0  9995
2 25344  86.4457  15.1594 0002518  78.4175 281.7312 14.49131341 71897
IRIDIUM 82 [-]          
1 25467U 98051A   18247.35797460  .00000428  00000-0  30081-4 0  9990
2 25467  86.4060 177.8309 0178744 247.2445 110.9809 14.90022703 52962
IRIDIUM 2 [-]           
1 25527U 98066A   18247.22889906  .00000722  00000-0  34065-4 0  9999
2 25527  85.5307 129.9525 0006611 254.7074 105.3436 15.17552769 85190
IRIDIUM 86 [P]          
1 25528U 98066B   18247.40545985  .00008343  00000-0  20447-3 0  9991
2 25528  86.4088 163.7808 0289519 142.1718 220.0262 15.07160837 43075
IRIDIUM 84 [+]          
1 25530U 98066D   18247.50046526  .00000135  00000-0  41082-4 0  9992
2 25530  86.4009 164.2362 0002286  83.1793 276.9663 14.34217884 40686
IRIDIUM 83 [+]          
1 25531U 98066E   18247.39264391  .00000142  00000-0  43637-4 0  9998
2 25531  86.4013 164.4249 0002227  83.8260 276.3189 14.34219193 38026
IRIDIUM 20 [B]          
1 25577U 98074A   18247.47823608 -.00000061  00000-0 -26453-4 0  9997
2 25577  86.4177  69.6945 0002825  83.1554 276.9965 14.38601504 32172
IRIDIUM 11 [B]          
1 25578U 98074B   18247.49484822 -.00000085  00000-0 -34343-4 0  9994
2 25578  86.4180  69.9090 0002953  90.1588 323.5299 14.38600254 41145
IRIDIUM 14 [+]          
1 25777U 99032A   18247.50587761 -.00000050  00000-0 -25063-4 0  9999
2 25777  86.3957  38.2382 0002031  84.1545 275.9882 14.34214714 18378
IRIDIUM 91 [+]          
1 27372U 02005A   18247.58244324  .00000023  00000-0  12658-5 0  9994
2 27372  86.3931 101.4788 0002417  77.5429 282.6037 14.34218811875326
IRIDIUM 90 [-]          
1 27373U 02005B   18247.52179581  .00178094  66383-5  72022-3 0  9995
2 27373  86.4307 151.8113 0238589  30.3538 331.1291 15.54438594877122
IRIDIUM 95 [+]          
1 27375U 02005D   18247.13212566 -.00000046  00000-0 -23492-4 0  9995
2 27375  86.3928 101.6717 0002806  83.3607 276.7908 14.34218247874541
IRIDIUM 96 [-]          
1 27376U 02005E   18247.58009908  .00017491 -89872-6  17164-3 0  9998
2 27376  86.3760 116.4105 0268328 273.8421  83.2191 15.31905678882110
IRIDIUM 97 [B]          
1 27450U 02031A   18247.24431994  .00000100  00000-0  26018-4 0  9994
2 27450  86.4245 133.3821 0002263  86.7171 273.4286 14.38611861853954
