COSMOS 2361 [-]         
1 25590U 98076A   18246.84906142  .00000026  00000-0  11598-4 0  9992
2 25590  82.9364 148.0914 0032966  91.1843 336.2811 13.72953307986810
COSMOS 2378 [-]         
1 26818U 01023A   18247.19887307  .00000043  00000-0  29031-4 0  9992
2 26818  82.9309 168.3963 0034329  43.8882 316.4993 13.73928860864503
COSMOS 2389 [-]         
1 27436U 02026A   18246.71015649  .00000012  00000-0 -30447-5 0  9993
2 27436  82.9492 113.0664 0045029 273.8128 144.7815 13.74928209816369
COSMOS 2398 [-]         
1 27818U 03023A   18247.18807166  .00000015  00000-0  65631-6 0  9996
2 27818  82.9451  69.8291 0030319 291.5227  68.2697 13.72159608763822
COSMOS 2407 [+]         
1 28380U 04028A   18247.48588237  .00000031  00000-0  16219-4 0  9999
2 28380  82.9618  19.4390 0038065 282.0615  77.6293 13.76056338709102
COSMOS 2414 [+]         
1 28521U 05002A   18247.39597560  .00000029  00000-0  10983-4 0  9997
2 28521  82.9496  33.0182 0040622 151.4239 208.9167 13.87602301689887
COSMOS 2429 [-]         
1 32052U 07038A   18247.21421610  .00000014  00000-0 -10294-5 0  9996
2 32052  82.9820 140.6662 0037107 252.7434 106.9660 13.74906358551053
COSMOS 2454 [-]         
1 35635U 09039A   18246.65269267  .00000016  00000-0  12218-6 0  9994
2 35635  82.9565  22.5059 0020353 111.2946 249.0399 13.89630051462643
COSMOS 2463 [+]         
1 36519U 10017A   18247.25850378  .00000070  00000-0  60243-4 0  9999
2 36519  82.9631 177.9980 0037696  96.5103 264.0345 13.71427549418337
