O3B FM5                 
1 39188U 13031A   18246.56368496 -.00000020  00000-0  00000-0 0  9998
2 39188   0.0267   7.4679 0002565 154.6510 197.8919  5.00115780 94889
O3B FM4                 
1 39189U 13031B   18245.96310947 -.00000020  00000-0  00000-0 0  9990
2 39189   0.0549  13.1664 0002548 149.6037 197.2404  5.00115762 94850
O3B FM2                 
1 39190U 13031C   18246.72815693 -.00000021  00000-0  00000-0 0  9996
2 39190   0.0581  16.9194 0006841 186.2135 156.8380  5.00115769 94865
O3B PFM                 
1 39191U 13031D   18244.36044867 -.00000019  00000-0  00000-0 0  9999
2 39191   0.0351   6.9969 0001105 205.1812 147.8172  5.00115046 94745
O3B FM3                 
1 40079U 14038A   18246.86298994 -.00000021  00000-0  00000-0 0  9996
2 40079   0.0458  13.4398 0001962  88.9009 257.6829  5.00115297 70960
O3B FM7                 
1 40080U 14038B   18246.41320624 -.00000020  00000-0  00000-0 0  9994
2 40080   0.0478  12.1402 0002602 148.3440 199.5276  5.00116320 75736
O3B FM6                 
1 40081U 14038C   18245.62971717 -.00000019  00000-0  00000-0 0  9990
2 40081   0.0466  12.8919 0002549 147.1323 199.9878  5.00117304 75679
O3B FM8                 
1 40082U 14038D   18246.67940387 -.00000020  00000-0  00000-0 0  9998
2 40082   0.0499  12.0747 0002583 149.9394 197.9967  5.00115035 75826
O3B FM10                
1 40348U 14083A   18246.71250652 -.00000021  00000-0  00000-0 0  9998
2 40348   0.0401   4.6252 0002547 156.3684 199.0177  5.00114245 67803
O3B FM11                
1 40349U 14083B   18246.72910861 -.00000021  00000-0  00000-0 0  9995
2 40349   0.0378  10.8272 0003291 150.5086 198.6780  5.00115795 67803
O3B FM12                
1 40350U 14083C   18246.79623534 -.00000021  00000-0  00000-0 0  9992
2 40350   0.0389  10.4384 0002760 154.4819 195.0896  5.00115544 67805
O3B FM9                 
1 40351U 14083D   18246.57888249 -.00000020  00000-0  00000-0 0  9994
2 40351   0.0371  12.2351 0002587 150.0768 197.6988  5.00114825 67815
DIAMOND RED             
1 42783U 17036U   18247.12615999  .00000732  00000-0  35447-4 0  9994
2 42783  97.3939 305.4891 0013151 153.2215 206.9703 15.21610298 66516
DIAMOND GREEN           
1 42785U 17036W   18246.86187388  .00000721  00000-0  34962-4 0  9991
2 42785  97.3942 305.2451 0012997 154.6013 205.5865 15.21611459 66547
DIAMOND BLUE            
1 42786U 17036X   18246.86104801  .00000740  00000-0  35776-4 0  9996
2 42786  97.3941 305.2439 0012847 154.7626 205.4240 15.21611530 66544
LEO VANTAGE 1           
1 43113U 18004C   18246.91384484 -.00000058  00000-0 -15905-4 0  9996
2 43113  99.4748 307.0975 0004802 324.0833  35.9990 13.69847597 32822
TINTIN A                
1 43216U 18020B   18246.92892154  .00001263  00000-0  62095-4 0  9996
2 43216  97.4549 253.3414 0012787 330.6710  29.3805 15.19817185 29355
TINTIN B                
1 43217U 18020C   18247.12487112  .00001263  00000-0  62085-4 0  9993
2 43217  97.4621 253.7230 0012154 330.3774  29.6771 15.19816385 29381
O3B FM15                
1 43231U 18024A   18246.44636184 -.00000020  00000-0  00000+0 0  9997
2 43231   0.0415   0.2602 0002707 161.2073 198.5441  5.00115614  8914
O3B FM16                
1 43232U 18024B   18245.69661819 -.00000019  00000-0  00000-0 0  9996
2 43232   0.0428 354.7098 0002950 172.5247 192.7750  5.00116243  8876
O3B FM14                
1 43233U 18024C   18247.14534634 -.00000021  00000-0  00000+0 0  9995
2 43233   0.0439 353.4800 0002743 176.6866 189.8404  5.00117359  8948
O3B FM13                
1 43234U 18024D   18244.16161127 -.00000019  00000-0  00000-0 0  9996
2 43234   0.0313  36.1478 0004547 126.2574 197.6125  4.99957461  8790
