SCD 1                   
1 22490U 93009B   18247.01455074  .00000205  00000-0  62884-5 0  9996
2 22490  24.9700  90.5463 0042946 340.4784 177.1424 14.44530016349845
TECHSAT 1B (GO-32)      
1 25397U 98043D   18247.09861725 -.00000017  00000-0  11596-4 0  9995
2 25397  98.6534 186.2472 0002045 120.7490 239.3890 14.23650616 46959
SCD 2                   
1 25504U 98060A   18246.48198399  .00000226  00000-0  12978-4 0  9992
2 25504  24.9957 299.7645 0017269   3.3841  90.8765 14.44048393 49086
LANDSAT 7               
1 25682U 99020A   18247.55190964 -.00000024  00000-0  46426-5 0  9998
2 25682  98.1658 316.2449 0001633  86.4586 273.6812 14.57134458 31309
DLR-TUBSAT              
1 25757U 99029B   18247.33959932 -.00000026  00000-0  48475-5 0  9992
2 25757  98.4037 164.3175 0014925  25.7644 334.4291 14.51387847 20898
QUIKSCAT                
1 25789U 99034A   18247.14047868 -.00000006  00000-0  15164-4 0  9994
2 25789  98.6054  73.7357 0001537 117.9692 242.1644 14.27328887   528
TERRA                   
1 25994U 99068A   18247.22291292  .00000015  00000-0  13357-4 0  9991
2 25994  98.1997 320.9250 0001071 106.6011 253.5346 14.57118079995339
MAROC-TUBSAT            
1 27004U 01056D   18246.92284036 -.00000018  00000-0  28839-4 0  9994
2 27004  99.4231  20.9547 0018974 264.7645 205.2987 13.70130546836812
AQUA                    
1 27424U 02022A   18246.91265131  .00000051  00000-0  21358-4 0  9993
2 27424  98.1990 186.9047 0001616 154.5893 280.0190 14.57130121868840
IRS-P6 (RESOURCESAT-1)  
1 28051U 03046A   18247.51967463 -.00000002  00000-0  14517-4 0  9997
2 28051  98.5487 323.9082 0058139 158.6773 201.6855 14.34131116772940
SHIYAN 1 (SY-1)         
1 28220U 04012A   18247.48198912  .00000125  00000-0  14988-4 0  9997
2 28220  97.7519 205.0281 0009537 105.5439 254.6838 14.99612568783008
FORMOSAT-2 (ROCSAT 2)   
1 28254U 04018A   18247.18731409  .00000107  00000-0  10000-3 0  9991
2 28254  98.8018 297.6676 0002146  31.6883   5.0265 14.00663594730750
AURA                    
1 28376U 04026A   18247.17833236  .00000049  00000-0  20920-4 0  9993
2 28376  98.1989 189.3218 0001494 102.2873 257.8493 14.57115254751977
IRS-P5 (CARTOSAT-1)     
1 28649U 05017A   18247.52326782  .00000095  00000-0  17908-4 0  9992
2 28649  97.8177 318.7258 0002933  58.5767 301.5738 14.83480401721852
SINAH 1                 
1 28893U 05043D   18247.01821927  .00000002  00000-0  94082-5 0  9994
2 28893  97.9335  30.4149 0015035 189.5746 170.5171 14.61481962685286
EROS B                  
1 29079U 06014A   18247.53639825  .00001096  00000-0  49643-4 0  9997
2 29079  97.3953   5.0950 0004728  73.0037 349.7062 15.22947564685987
RESURS-DK 1             
1 29228U 06021A   18247.49549789  .00000039  00000-0  10312-4 0  9992
2 29228  69.9356  47.4741 0004651 341.7586  18.3407 15.02351854674824
ARIRANG-2 (KOMPSAT-2)   
1 29268U 06031A   18247.53274015  .00000082  00000-0  25341-4 0  9995
2 29268  98.0572 142.1182 0019249  51.4616 308.8308 14.62374418645934
LAPAN-TUBSAT            
1 29709U 07001A   18247.49725689  .00000021  00000-0  90339-5 0  9999
2 29709  97.7628 212.4577 0014340  80.4637 279.8192 14.82137987629797
CARTOSAT-2 (IRS-P7)     
1 29710U 07001B   18247.56590200  .00000004  00000-0  73617-5 0  9999
2 29710  97.8680 305.3222 0001960 117.3178 242.8239 14.78702374628863
HAIYANG-1B              
1 31113U 07010A   18247.39178154 -.00000014  00000-0  11224-4 0  9997
2 31113  98.5002 298.6241 0013755 343.2677  16.8051 14.30206595594969
COSMO-SKYMED 1          
1 31598U 07023A   18247.52827035 -.00000261  00000-0 -26242-4 0  9993
2 31598  97.8909  69.9761 0001292  79.9658 280.1697 14.82150109608262
TERRASAR-X              
1 31698U 07026A   18246.67717010 -.00018179  00000-0 -86519-3 0  9992
2 31698  97.4443 253.0209 0002053  91.2427  12.0195 15.19128587622203
WORLDVIEW-1 (WV-1)      
1 32060U 07041A   18247.44173284  .00000541  00000-0  24941-4 0  9992
2 32060  97.3868   5.9746 0002482  81.1294 321.0668 15.24382436609937
YAOGAN 3                
1 32289U 07055A   18247.50703434 -.00000274  00000-0 -28604-4 0  9998
2 32289  98.0074 253.6428 0001255  76.1105 284.0260 14.80911121584497
COSMO-SKYMED 2          
1 32376U 07059A   18247.49452152  .00000285  00000-0  42416-4 0  9992
2 32376  97.8912  69.9402 0001519  87.8052 272.3346 14.82153332581008
RADARSAT-2              
1 32382U 07061A   18247.49590081  .00000072  00000-0  45004-4 0  9996
2 32382  98.5768 253.6112 0001224  87.4537  29.0515 14.29983744559794
CARTOSAT-2A             
1 32783U 08021A   18247.40862758  .00000307  00000-0  48780-4 0  9997
2 32783  97.8694 305.3247 0012047 325.2712  34.7717 14.78707414558783
JASON-2 (OSTM)          
1 33105U 08032A   18246.96421272 -.00000051  00000-0  43383-4 0  9991
2 33105  66.0392 269.0795 0008334 266.9077 141.6347 12.87626989477667
RAPIDEYE 2              
1 33312U 08040A   18247.50356889  .00000021  00000-0  95075-5 0  9994
2 33312  97.7810 320.6620 0012410 352.3457   7.7569 14.79896248541082
RAPIDEYE 5              
1 33313U 08040B   18247.52699047  .00000041  00000-0  12140-4 0  9996
2 33313  97.7902 319.2346 0015873 217.9482 142.0616 14.79896872541038
RAPIDEYE 1              
1 33314U 08040C   18247.51535540  .00000050  00000-0  13352-4 0  9999
2 33314  97.7825 320.3896 0024065   3.0675 357.0685 14.79898565541076
RAPIDEYE 3              
1 33315U 08040D   18247.48370798 -.00000001  00000-0  66525-5 0  9996
2 33315  97.7928 319.0127 0010984 302.0657  57.9488 14.79895885541035
RAPIDEYE 4              
1 33316U 08040E   18247.47137806  .00000026  00000-0  10187-4 0  9995
2 33316  97.7957 318.7502 0010097 239.2224 120.7998 14.79894449541026
HUANJING 1A (HJ-1A)     
1 33320U 08041A   18247.56170021  .00000114  00000-0  23339-4 0  9998
2 33320  97.8814 308.4119 0026906  32.4677 327.8185 14.76952201538375
HUANJING 1B (HJ-1B)     
1 33321U 08041B   18247.54235426  .00000075  00000-0  17857-4 0  9992
2 33321  97.8875 309.9758 0035783  48.7789 311.6504 14.77044495538368
GEOEYE 1                
1 33331U 08042A   18247.51592257 -.00001010  00000-0 -18246-3 0  9993
2 33331  98.1261 321.2517 0008291 309.9479  50.0978 14.64268482534123
THEOS                   
1 33396U 08049A   18247.49904677  .00000169  00000-0  10000-3 0  9993
2 33396  98.7241 314.1937 0001111  85.5457  39.5568 14.20022849514539
COSMO-SKYMED 3          
1 33412U 08054A   18247.41434352  .00000297  00000-0  43915-4 0  9992
2 33412  97.8913  69.8633 0002060  79.3611 280.7863 14.82156272533454
YAOGAN 4                
1 33446U 08061A   18247.53944003  .00000095  00000-0  20404-4 0  9993
2 33446  97.6339 224.3775 0014522 299.2000  60.7758 14.76802352525604
GOSAT (IBUKI)           
1 33492U 09002A   18247.30677851 -.00000184  00000-0 -24180-4 0  9995
2 33492  98.0105   0.5444 0001065  84.9593 275.1759 14.67576541514960
YAOGAN 6                
1 34839U 09021A   18247.52735851  .00000355  00000-0  16201-4 0  9994
2 34839  97.0869 281.7581 0028424 178.7283 181.4034 15.26272024520353
DEIMOS-1                
1 35681U 09041A   18247.57968070 -.00000037  00000-0  17650-5 0  9996
2 35681  97.8983 133.4101 0001973  32.3691 327.7641 14.71746401488506
DUBAISAT-1              
1 35682U 09041B   18247.43840851 -.00000041  00000-0  71506-6 0  9994
2 35682  97.7490  91.0865 0011277 167.4899 192.6595 14.68686880487419
OCEANSAT-2              
1 35931U 09051A   18247.23766957  .00000026  00000-0  17790-4 0  9999
2 35931  98.3062 341.1767 0001090 249.7544 110.3533 14.50838351473845
WORLDVIEW-2 (WV-2)      
1 35946U 09055A   18247.27098543  .00000012  00000-0  18542-4 0  9993
2 35946  98.4648 322.8354 0002323 122.3158 237.8253 14.37593321467316
SMOS                    
1 36036U 09059A   18247.09802254  .00000004  00000-0  15165-4 0  9999
2 36036  98.4456  73.4602 0001226  84.2207 275.9121 14.39760226464496
YAOGAN 7                
1 36110U 09069A   18247.56345729  .00000029  00000-0  12289-4 0  9995
2 36110  98.2586  59.2852 0025073 133.4757 226.8545 14.75148126470393
TANDEM-X                
1 36605U 10030A   18246.67786257 -.00002012  00000-0 -92674-4 0  9992
2 36605  97.4457 253.0192 0002077  94.1817  12.8742 15.19143686454940
CARTOSAT-2B             
1 36795U 10035A   18247.44541457  .00000011  00000-0  85055-5 0  9995
2 36795  97.8672 305.0484 0015589  37.0599 323.1682 14.78706895439833
YAOGAN 10               
1 36834U 10038A   18247.33499578  .00000011  00000-0  81846-5 0  9990
2 36834  97.9550 244.6615 0001381  64.8020 295.3338 14.80871708436215
COSMO-SKYMED 4          
1 37216U 10060A   18247.51138731 -.00000014  00000-0  48434-5 0  9991
2 37216  97.8903  69.9559 0001417  73.3875 286.7500 14.82151511423552
RESOURCESAT-2           
1 37387U 11015A   18247.47795505  .00004549  00000-0  20895-2 0  9998
2 37387  98.7497 320.6498 0004337 121.4111 238.7460 14.21700085382803
HAIYANG 2A              
1 37781U 11043A   18247.57058648  .00000202  00000-0  24191-3 0  9994
2 37781  99.3246 256.4125 0000546  57.3398 302.7801 13.78717048355219
RASAT                   
1 37791U 11044D   18247.53056897  .00000043  00000-0  17061-4 0  9998
2 37791  98.1272 339.1247 0022271 159.4411 200.7694 14.64679908376813
MEGHA-TROPIQUES         
1 37838U 11058A   18246.72516676  .00000296  00000-0  17934-4 0  9990
2 37838  19.9787 350.2906 0009342 246.4130 113.5293 14.09736799355760
SRMSAT                  
1 37841U 11058D   18246.61441160  .00000304  00000-0  21918-4 0  9994
2 37841  19.9726 332.5029 0011679 272.4931 227.7568 14.10612962355872
YAOGAN 13               
1 37941U 11072A   18247.56166875  .00000294  00000-0  17756-4 0  9996
2 37941  97.5043 176.3072 0002410  75.2380  40.3792 15.18085921375079
PLEIADES 1A             
1 38012U 11076F   18247.53853108  .00000003  00000-0  10406-4 0  9992
2 38012  98.1955 321.3898 0001369  68.3743 291.7606 14.58551625357634
ZIYUAN 1-02C (ZY 1-02C) 
1 38038U 11079A   18247.49857044  .00000038  00000-0  27613-4 0  9997
2 38038  98.2855 300.3914 0000877 102.8690 257.2599 14.35475613351242
ZIYUAN 3 (ZY 3)         
1 38046U 12001A   18247.51436097  .00000520  00000-0  26390-4 0  9993
2 38046  97.4876 318.4598 0002209  17.5403 107.5803 15.21265987369508
RISAT-1                 
1 38248U 12017A   18246.48144837 -.00000068  00000-0 -30423-6 0  9990
2 38248  97.5712 253.6455 0004103 346.1623 168.4754 15.09593922350100
ARIRANG-3 (KOMPSAT-3)   
1 38338U 12025B   18247.56293538  .00000041  00000-0  17638-4 0  9992
2 38338  98.1291 184.5844 0010790  27.0870 333.0880 14.61707212336099
KANOPUS-V 1             
1 38707U 12039A   18247.56501420  .00000260  00000-0  15680-4 0  9997
2 38707  97.4506 164.9781 0001658  84.2372  40.1270 15.18894821339545
EXACTVIEW-1 (ADS-1B)    
1 38709U 12039C   18239.19802679 -.00000050  00000-0 -85392-6 0  9997
2 38709  99.1376 236.9381 0012437  83.3310 276.9275 14.23970547316887
SPOT 6                  
1 38755U 12047A   18247.48554785 -.00000014  00000-0  66617-5 0  9997
2 38755  98.1683 313.6124 0001027  72.5073 287.6239 14.58569811318703
PLEIADES 1B             
1 39019U 12068A   18247.50450809  .00000773  00000-0  17610-3 0  9997
2 39019  98.1982 321.3735 0001448  72.7912 287.3442 14.58560527306484
GOKTURK 2               
1 39030U 12073A   18247.54192820  .00000011  00000-0  94233-5 0  9999
2 39030  97.9437 136.9495 0002847  76.4500 283.7022 14.72726972305959
LANDSAT 8               
1 39084U 13008A   18247.31254809  .00000019  00000-0  14388-4 0  9998
2 39084  98.2236 316.3635 0001435  97.6389 262.4972 14.57106129295732
SARAL                   
1 39086U 13009A   18247.20778749  .00000005  00000-0  18037-4 0  9993
2 39086  98.5416  72.8596 0001895  56.1963 303.9401 14.32021639288651
GAOFEN 1                
1 39150U 13018A   18247.53800225  .00000034  00000-0  12232-4 0  9999
2 39150  97.9240 328.7103 0020379  64.6854 295.6467 14.76522100288813
VNREDSAT 1              
1 39160U 13021B   18247.49013195  .00000059  00000-0  20938-4 0  9990
2 39160  98.2150 319.7965 0000827  50.6929 309.4345 14.62854085284560
ARIRANG-5 (KOMPSAT-5)   
1 39227U 13042A   18247.54163569  .00000426  00000-0  34718-4 0  9993
2 39227  97.6144  70.8492 0001382  62.3311  10.5345 15.04514545276508
YAOGAN 18               
1 39363U 13059A   18247.55721513  .00000487  00000-0  27130-4 0  9999
2 39363  97.3398 309.2407 0002973  84.0374  52.6618 15.18012604268739
SKYSAT-1                
1 39418U 13066C   18247.30216516  .00000145  00000-0  16931-4 0  9991
2 39418  97.6704 329.1101 0021113 230.6571 129.2770 14.98704280261593
DUBAISAT-2              
1 39419U 13066D   18247.44497559 -.00000257  00000-0 -18897-4 0  9994
2 39419  97.6315 313.7100 0012591 221.9741 138.0500 14.93880614260827
GPM-CORE                
1 39574U 14009C   18247.22664781  .00001800  00000-0  30480-4 0  9998
2 39574  65.0058 209.8553 0012054 288.5079  71.4756 15.55534924256609
SENTINEL-1A             
1 39634U 14016A   18247.32742373 -.00000005  00000-0  86645-5 0  9990
2 39634  98.1826 253.6359 0001371  80.4574 279.6790 14.59197922235463
KAZEOSAT 1              
1 39731U 14024A   18247.49933066  .00000009  00000-0  15880-4 0  9991
2 39731  98.3835 324.6124 0001281  96.7577 263.3758 14.42022263228929
ALOS-2                  
1 39766U 14029A   18247.53043140 -.00000120  00000-0 -91352-5 0  9999
2 39766  97.9225 343.4806 0001553  90.4663 269.6704 14.79471458231300
KAZEOSAT 2              
1 40010U 14033A   18247.50318971  .00000026  00000-0  99655-5 0  9999
2 40010  97.8596 147.2084 0014782 270.9840  88.9679 14.82074116227753
HODOYOSHI-4             
1 40011U 14033B   18247.53036914  .00000047  00000-0  12847-4 0  9997
2 40011  97.8431 142.3267 0025400 266.3273  93.5026 14.81029677227523
DEIMOS-2                
1 40013U 14033D   18247.47329767 -.00000506  00000-0 -53586-4 0  9990
2 40013  97.8542 151.0046 0001573  37.5577 322.5733 14.84685823228132
HODOYOSHI-3             
1 40015U 14033F   18247.19188200  .00000083  00000-0  18378-4 0  9994
2 40015  97.8223 134.2646 0035610 278.6317  81.0861 14.78411350227074
SPOT 7                  
1 40053U 14034A   18247.52055829 -.00000019  00000-0  56488-5 0  9999
2 40053  98.1814 313.9057 0001048  72.4310 287.7001 14.58562334222645
SKYSAT-2                
1 40072U 14037D   18247.47459304  .00000064  00000-0  15753-4 0  9991
2 40072  98.3851  22.4084 0007378  65.2625 294.9345 14.81110360224740
WORLDVIEW-3 (WV-3)      
1 40115U 14048A   18247.32333788 -.00000021  00000-0  37529-5 0  9992
2 40115  97.8363 326.1867 0000853  14.4616 345.6623 14.84978084220017
YAOGAN 21               
1 40143U 14053A   18247.53420514  .00000586  00000-0  26338-4 0  9996
2 40143  97.2639 313.7313 0013294  61.8656  49.2263 15.24862188222111
YAOGAN 22               
1 40275U 14063A   18247.57454726 -.00000045  00000-0  00000+0 0  9993
2 40275 100.4474 358.9615 0006572 139.0403 221.1208 13.15330229186063
ASNARO                  
1 40298U 14070A   18247.17292029  .00000559  00000-0  29542-4 0  9994
2 40298  97.4636 328.7517 0001989  81.4519   2.0700 15.19518485212289
HODOYOSHI-1             
1 40299U 14070B   18247.44009472  .00000352  00000-0  17940-4 0  9993
2 40299  97.3739 327.8034 0012685 339.9854 150.7278 15.23003491212546
QSAT-EOS                
1 40301U 14070D   18247.45345115  .00001031  00000-0  43894-4 0  9997
2 40301  97.3545 325.0665 0025596 336.6449  83.3195 15.25000197212501
YAOGAN 23               
1 40305U 14071A   18247.52856693  .00000340  00000-0  20024-4 0  9990
2 40305  97.4611 183.3710 0001153  98.3463  19.1829 15.18007875210834
YAOGAN 24               
1 40310U 14072A   18247.37058801  .00000025  00000-0  10889-4 0  9993
2 40310  98.0518  10.4069 0018529  81.0386 279.2929 14.77227938204299
CBERS 4                 
1 40336U 14079A   18247.49943005 -.00000007  00000-0  12354-4 0  9990
2 40336  98.4083 317.1185 0001369 103.2708 256.8630 14.35485220196152
RESURS P2               
1 40360U 14087A   18247.56143448  .00000432  00000-0  16056-4 0  9991
2 40360  97.2683 338.4278 0009784   9.0028 120.7861 15.32724260206434
YAOGAN 26               
1 40362U 14088A   18247.53686899  .00000703  00000-0  29567-4 0  9995
2 40362  97.3178 323.5572 0005571 135.1829 349.0953 15.26616263205543
SMAP                    
1 40376U 15003A   18247.49068402  .00000026  00000-0  14003-4 0  9994
2 40376  98.1222 253.6471 0000571 106.2150 253.9110 14.63362940191877
KOMPSAT-3A              
1 40536U 15014A   18247.43069877 -.00002032  00000-0 -11357-3 0  9994
2 40536  97.5181 184.4713 0009323 228.9815 264.2028 15.12315245190183
SENTINEL-2A             
1 40697U 15028A   18247.37531814  .00000017  00000-0  22998-4 0  9998
2 40697  98.5629 320.9436 0001196  92.2845 267.8475 14.30820067167218
CARBONITE 1 (CBNT-1)    
1 40718U 15032D   18247.47896569  .00000011  00000-0  92006-5 0  9991
2 40718  97.9171 136.0031 0017380 146.3914 213.8400 14.74615329169722
YAOGAN 27               
1 40878U 15040A   18247.45142521 -.00000044  00000-0  00000+0 0  9991
2 40878 100.3354 304.1100 0007787 276.9273  83.0953 13.15960009145258
LAPAN-A2                
1 40931U 15052B   18246.68018959  .00000697  00000-0  80970-5 0  9998
2 40931   6.0004 310.3540 0012617  40.8628 319.3553 14.76582864158622
YAOGAN 28               
1 41026U 15064A   18247.56018541  .00000789  00000-0  29676-4 0  9999
2 41026  97.3705  15.3099 0009687 172.1688 316.6670 15.30069851157703
YAOGAN 29               
1 41038U 15069A   18247.53507061 -.00000003  00000-0  63947-5 0  9994
2 41038  97.9450 229.1538 0001349 113.8770 246.2575 14.80374416149829
KENT RIDGE 1            
1 41167U 15077B   18247.15809028  .00000773  00000-0  72174-5 0  9997
2 41167  14.9782 191.0390 0011342   4.0290 197.8000 15.08926521150090
TELEOS 1                
1 41169U 15077D   18247.17596065  .00001082  00000-0  25075-4 0  9996
2 41169  14.9760 184.4595 0010891  12.4529 189.8738 15.09958865150150
JASON-3                 
1 41240U 16002A   18246.87208321 -.00000055  00000-0  27667-4 0  9995
2 41240  66.0397 280.5996 0008143 265.4444  94.5641 12.80929278122976
SENTINEL-3A             
1 41335U 16011A   18247.50195038 -.00000031  00000-0  53773-5 0  9993
2 41335  98.6335 313.5638 0000985  96.4416 263.6877 14.26733093132714
SENTINEL-1B             
1 41456U 16025A   18247.56693743 -.00000101  00000-0 -11648-4 0  9997
2 41456  98.1821 253.6971 0001332  81.3009 278.8343 14.59197261125664
ZIYUAN 3-2 (ZY 3-2)     
1 41556U 16033A   18247.35465257  .00008698  00000-0  39233-3 0  9997
2 41556  97.4251 324.1001 0002375 117.8553 300.0012 15.21249741125773
NUSAT-1 (FRESCO)        
1 41557U 16033B   18247.29721597  .00000927  00000-0  37684-4 0  9999
2 41557  97.4349 331.3064 0012299 227.9191 132.1002 15.27043468126237
NUSAT-2 (BATATA)        
1 41558U 16033C   18247.46387671  .00000919  00000-0  35970-4 0  9997
2 41558  97.4369 331.6723 0011916 230.9351 129.0829 15.28343517126255
CARTOSAT-2C             
1 41599U 16040A   18247.52435485  .00000187  00000-0  12046-4 0  9990
2 41599  97.4026 307.0967 0013047 331.7514 139.1559 15.19291368122114
SKYSAT-C1               
1 41601U 16040C   18247.42399758  .00000340  00000-0  17577-4 0  9990
2 41601  97.5648 322.0161 0001537  85.5813  45.2166 15.22853897122339
LAPAN-A3                
1 41603U 16040E   18247.56410009  .00000226  00000-0  13801-4 0  9999
2 41603  97.4043 307.6141 0012788 330.0806 166.8166 15.19601826122133
BIROS                   
1 41604U 16040F   18246.75294001  .00000306  00000-0  16717-4 0  9990
2 41604  97.4065 308.4184 0011331 321.6892  38.3538 15.21443394122119
SKYSAT-C4               
1 41771U 16058B   18247.51417630  .00000412  00000-0  20437-4 0  9996
2 41771  97.3932 317.1206 0001900  66.7851  57.9094 15.23089158109295
SKYSAT-C5               
1 41772U 16058C   18247.38028141  .00000436  00000-0  21408-4 0  9992
2 41772  97.3445 316.6599 0001953  28.3539  34.5197 15.23091147109262
SKYSAT-C2               
1 41773U 16058D   18247.27635080  .00000428  00000-0  21103-4 0  9990
2 41773  97.3941 316.9676 0001041  59.8792 340.7060 15.23090257109252
SKYSAT-C3               
1 41774U 16058E   18247.50389917  .00000348  00000-0  17652-4 0  9997
2 41774  97.3956 317.1605 0002443  92.0961  35.6174 15.23159286109285
ALSAT 1B                
1 41785U 16059C   18247.42539240  .00000005  00000-0  10284-4 0  9991
2 41785  98.1085 308.0083 0030547 203.0083 156.9754 14.63295034103542
PATHFINDER 1            
1 41787U 16059E   18247.28539345  .00000043  00000-0  17466-4 0  9994
2 41787  98.1083 308.2893 0029761 203.4036 156.5815 14.63618267103542
SCATSAT 1               
1 41790U 16059H   18246.72606757 -.00000005  00000-0  98190-5 0  9991
2 41790  98.2527 293.0608 0017544 207.1061 152.9219 14.50866623102577
WORLDVIEW-4 (WV-4)      
1 41848U 16067A   18247.28896048 -.00000000  00000-0  62872-5 0  9993
2 41848  97.9073 323.8670 0002081  50.8588 309.2811 14.84971623 98169
GOKTURK 1A              
1 41875U 16073A   18247.17363060  .00000250  00000-0  57944-4 0  9990
2 41875  98.1060 140.4891 0001882  80.9401 279.1857 14.62871091 93201
RESOURCESAT-2A          
1 41877U 16074A   18247.51422014  .00000014  00000-0  26050-4 0  9998
2 41877  98.6668 321.0918 0001654  96.3462 263.7905 14.21651185 90412
CARTOSAT-2D             
1 41948U 17008A   18247.53941875  .00000351  00000-0  19856-4 0  9998
2 41948  97.4378 308.0814 0008311 106.7877 253.4270 15.19254004 85983
SENTINEL-2B             
1 42063U 17013A   18247.55006283 -.00000426  00000-0 -14604-3 0  9990
2 42063  98.5627 321.1049 0001186  85.9180 274.2139 14.30815074 78153
ZHUHAI-1 02 (CAS 4B)    
1 42759U 17034B   18247.48365942  .00000126  00000-0  21300-4 0  9994
2 42759  43.0203   7.9266 0010558 249.3094 197.6269 15.09357091 67431
NUSAT-3 (MILANESAT)     
1 42760U 17034C   18247.53962693  .00000546  00000-0  47318-4 0  9991
2 42760  43.0190   8.2457 0009560 255.9303 205.1998 15.09225180 67449
ZHUHAI-1 01 (CAS 4A)    
1 42761U 17034D   18247.46032317  .00000188  00000-0  25064-4 0  9991
2 42761  43.0203   7.7735 0010936 249.9596 191.2607 15.09433673 67422
CARTOSAT-2E             
1 42767U 17036C   18246.88783669  .00000310  00000-0  17856-4 0  9994
2 42767  97.3926 303.9342 0009938 146.1439 214.0432 15.19305468 66454
FORMOSAT-5              
1 42920U 17049A   18247.43640683 -.00000016  00000-0  73913-5 0  9990
2 42920  98.3571 323.1797 0010717 161.2138 198.9454 14.50805452 54476
SENTINEL-5P             
1 42969U 17064A   18247.41089377 -.00000029  00000-0  71073-5 0  9994
2 42969  98.7410 186.0859 0001138  84.0714 276.0591 14.19541082 46246
SKYSAT-C11              
1 42987U 17068A   18247.50002705  .00000421  00000-0  21797-4 0  9990
2 42987  97.4100   0.1859 0010968 140.2563 219.9478 15.21443878 46723
SKYSAT-C10              
1 42988U 17068B   18247.55392286  .00000417  00000-0  21627-4 0  9999
2 42988  97.4098   0.1488 0005428 149.9560 210.1988 15.21448268 46734
SKYSAT-C9               
1 42989U 17068C   18247.40916561  .00000369  00000-0  19576-4 0  9998
2 42989  97.4115   0.4032 0001942 127.8405 232.3006 15.21278556 46731
SKYSAT-C8               
1 42990U 17068D   18247.40299315  .00000399  00000-0  20805-4 0  9991
2 42990  97.4117   0.2700 0005129 180.6738 179.4492 15.21508847 46720
SKYSAT-C7               
1 42991U 17068E   18247.39141438  .00000388  00000-0  20361-4 0  9997
2 42991  97.4115   0.2770 0005507 200.2052 159.8966 15.21404048 46720
SKYSAT-C6               
1 42992U 17068F   18247.37991971  .00000368  00000-0  19456-4 0  9992
2 42992  97.4118   0.4518 0010093 263.7246  96.2840 15.21434963 46736
CARTOSAT-2F             
1 43111U 18004A   18247.45653413  .00000296  00000-0  17287-4 0  9992
2 43111  97.4757 307.7675 0004945 151.9409 208.2093 15.19217966 35725
MICROSAT-TD             
1 43128U 18004T   18247.24001204  .00014146  00000-0  11493-3 0  9993
2 43128  96.8506 305.1074 0011126 164.6019 195.5585 15.70723795 36881
NUSAT-4 (ADA)           
1 43195U 18015D   18247.41618155  .00000793  00000-0  36246-4 0  9994
2 43195  97.3622  14.7397 0016260 229.8046 165.7306 15.23363109 32590
NUSAT-5 (MARYAM)        
1 43204U 18015K   18247.54920480  .00000854  00000-0  38765-4 0  9992
2 43204  97.3614  14.8760 0016721 228.9478 190.3542 15.23396510 32215
SENTINEL-3B             
1 43437U 18039A   18247.15094727 -.00000026  00000-0  75204-5 0  9991
2 43437  98.6336 313.0919 0001196  94.3177 265.8140 14.26733517 18725
