SARSAT 7 (NOAA 15)      
1 25338U 98030A   18247.55648861  .00000031  00000-0  31689-4 0  9991
2 25338  98.7677 264.0337 0010454   3.4069 356.7180 14.25873570 56326
METEOSAT-8 (MSG-1)      
1 27509U 02040B   18247.08999925  .00000127  00000-0  00000+0 0  9991
2 27509   5.5965  56.6574 0000224 104.2946 255.9100  1.00272172 58740
GPS BIIR-08             
1 27663U 03005A   18246.62301227 -.00000053  00000-0  00000+0 0  9994
2 27663  56.4996 327.5902 0098591  28.7980 273.3683  2.00562086114275
GPS BIIR-11             
1 28190U 04009A   18247.44488081 -.00000049  00000-0  00000+0 0  9995
2 28190  56.2012  28.3824 0094986  72.4596 249.0521  2.00558074105969
GPS BIIR-12             
1 28361U 04023A   18247.45007119  .00000027  00000-0  00000+0 0  9996
2 28361  54.0589 201.8793 0128275 227.2096  14.4338  2.00555506104046
GPS BIIR-13             
1 28474U 04045A   18247.58772148  .00000003  00000-0  00000+0 0  9994
2 28474  54.5190  79.4506 0182251 255.0289  84.5516  2.00548061101414
SARSAT 10 (NOAA 18)     
1 28654U 05018A   18247.51965040 -.00000010  00000-0  19558-4 0  9995
2 28654  99.1390 284.5615 0013305 264.1747  95.7907 14.12383956684975
GPS BIIR-14M            
1 28874U 05038A   18247.41348199 -.00000052  00000-0  00000+0 0  9993
2 28874  56.3386  25.7035 0127666 258.3811  66.5137  2.00571598 94817
METEOSAT-9 (MSG-2)      
1 28912U 05049B   18247.38938153  .00000004  00000-0  00000+0 0  9995
2 28912   3.0755  71.6438 0000275  65.7405 349.5443  1.00274595 46571
GOES 13                 
1 29155U 06018A   18247.21327861 -.00000299  00000-0  00000+0 0  9999
2 29155   0.0285 161.4558 0007284 259.2067 299.4172  1.00278250 45010
SARSAT 11 (METOP-A)     
1 29499U 06044A   18246.95684351 -.00000024  00000-0  89090-5 0  9997
2 29499  98.6195 302.6381 0001099  47.9409  80.2166 14.21530078616005
GPS BIIR-16M            
1 29601U 06052A   18247.51046120 -.00000051  00000-0  00000+0 0  9998
2 29601  56.4757 326.4720 0068330  57.8178 302.8952  2.00551726 86443
GPS BIIR-17M            
1 32260U 07047A   18246.84003498  .00000027  00000-0  00000+0 0  9996
2 32260  53.1829 197.8557 0104519  39.3828 321.3555  2.00547306 79814
GPS BIIR-18M            
1 32384U 07062A   18247.20381899 -.00000050  00000-0  00000+0 0  9992
2 32384  56.4146  26.3271 0005771  89.9580 311.0826  2.00568134 78553
SARSAT 12 (NOAA 19)     
1 33591U 09005A   18247.55838598  .00000060  00000-0  57459-4 0  9998
2 33591  99.1494 227.1896 0014973 102.9154 257.3690 14.12305160493371
GOES 14                 
1 35491U 09033A   18247.33567896 -.00000110  00000-0  00000+0 0  9998
2 35491   0.3891 276.8780 0010714 301.4957 141.5567  1.00275141 33652
GOES 15                 
1 36411U 10008A   18247.42087809  .00000073  00000-0  00000+0 0  9993
2 36411   0.4076 279.1562 0004368 265.6915 175.1542  1.00260017 31186
GLONASS-K 1             
1 37372U 11009A   18246.66960709  .00000011  00000-0  00000+0 0  9998
2 37372  65.6147  49.6670 0007492 220.9140  86.8359  2.13107639 58492
GPS BIIF-2              
1 37753U 11036A   18247.45846441  .00000007  00000-0  00000+0 0  9990
2 37753  55.7170  83.0773 0079564  38.1235 335.6567  2.00564632 52250
GSAT0101 (GALILEO-PFM)  
1 37846U 11060A   18246.08548844 -.00000015  00000-0  00000+0 0  9994
2 37846  56.1674  59.3499 0002299  19.3784 340.6726  1.70475848 42763
GSAT0102 (GALILEO-FM2)  
1 37847U 11060B   18246.58452159 -.00000015  00000-0  00000-0 0  9994
2 37847  56.1685  59.3351 0002506 328.6628  23.7475  1.70475704 42645
LUCH 5A                 
1 37951U 11074B   18246.90353955 -.00000060  00000-0  00000+0 0  9994
2 37951   1.9732 144.1325 0001535   6.9117 324.2182  1.00270742 24671
METEOSAT-10 (MSG-3)     
1 38552U 12035B   18246.99884550  .00000048  00000-0  00000+0 0  9994
2 38552   1.0414 351.5196 0000227 102.2065 258.3946  1.00264947 22703
SARSAT 13 (METOP-B)     
1 38771U 12049A   18246.97164352 -.00000028  00000-0  69083-5 0  9992
2 38771  98.6649 304.9920 0002148  75.7458 268.7425 14.21511437309328
GPS BIIF-3              
1 38833U 12053A   18246.42651590  .00000063  00000-0  00000+0 0  9997
2 38833  53.9060 260.2722 0070678  28.9272 331.5030  2.00568128 43306
GSAT0103 (GALILEO-FM3)  
1 38857U 12055A   18246.12667801  .00000013  00000-0  00000+0 0  9999
2 38857  54.9125 179.7894 0003901 263.6808  96.2688  1.70473732 36675
GSAT0104 (GALILEO-FM4)  
1 38858U 12055B   18246.06091971  .00000014  00000-0  00000+0 0  9993
2 38858  54.9131 179.7902 0002874 271.4972  88.4641  1.70473759 36626
GPS BIIF-4              
1 39166U 13023A   18247.28435718 -.00000056  00000-0  00000+0 0  9995
2 39166  56.0326  22.5790 0059280  24.1534 336.1335  2.00561686 38859
INSAT-3D                
1 39216U 13038B   18246.81950261 -.00000170  00000-0  00000-0 0  9998
2 39216   0.0602 287.2913 0001313 270.9153 161.7967  1.00271521 18609
GPS BIIF-5              
1 39533U 14008A   18247.28433204  .00000059  00000-0  00000+0 0  9997
2 39533  54.0470 265.5976 0036711 192.6338 167.3218  2.00560828 33213
LUCH 5V                 
1 39727U 14023A   18247.26482528 -.00000284  00000-0  00000+0 0  9991
2 39727   1.8195 299.7952 0001954 242.6124 351.0257  1.00273669534017
GPS BIIF-6              
1 39741U 14026A   18247.06307707  .00000006  00000-0  00000+0 0  9994
2 39741  55.6994  82.6165 0011801 292.0314  67.9144  2.00561373 31499
GPS BIIF-7              
1 40105U 14045A   18247.15052732  .00000032  00000-0  00000+0 0  9995
2 40105  54.5852 202.0386 0007579 104.2314 255.8360  2.00577336 29941
GSAT0201 (GALILEO 5)    
1 40128U 14050A   18247.20341608 -.00000065  00000-0  00000+0 0  9992
2 40128  50.5043  27.4299 1655272  78.3779 299.6817  1.85519052 27519
GSAT0202 (GALILEO 6)    
1 40129U 14050B   18246.93051534 -.00000065  00000-0  00000+0 0  9998
2 40129  50.5519  26.4537 1655189  79.2759 298.8715  1.85519676 27708
GPS BIIF-8              
1 40294U 14068A   18247.02882615 -.00000017  00000-0  00000+0 0  9990
2 40294  55.0881 142.8420 0015808  27.5453 332.5921  2.00561791 28160
GLONASS-K 2             
1 40315U 14075A   18246.60201919  .00000037  00000-0  00000+0 0  9998
2 40315  64.1825 289.7757 0017476 209.7989 157.8844  2.13098696 29265
GPS BIIF-9              
1 40534U 15013A   18246.16600974 -.00000046  00000-0  00000+0 0  9990
2 40534  54.7027 321.6710 0028624 359.4256   0.6291  2.00558903 25219
GSAT0203 (GALILEO 7)    
1 40544U 15017A   18245.86428106 -.00000015  00000-0  00000+0 0  9992
2 40544  55.9576  59.5821 0002098 210.2319 149.7983  1.70475038 21372
GSAT0204 (GALILEO 8)    
1 40545U 15017B   18246.23326515 -.00000015  00000-0  00000+0 0  9996
2 40545  55.9645  59.5848 0002551 146.6283 213.4306  1.70475291 21385
GPS BIIF-10             
1 40730U 15033A   18247.32317309 -.00000058  00000-0  00000+0 0  9999
2 40730  55.5617  22.0474 0035962 333.4416  26.3854  2.00570043 22994
METEOSAT-11 (MSG-4)     
1 40732U 15034A   18246.72141489 -.00000013  00000-0  00000-0 0  9991
2 40732   1.2327 243.5629 0001549 242.2622 116.8565  1.00277951 11537
GSAT0205 (GALILEO 9)    
1 40889U 15045A   18243.54295305 -.00000005  00000-0  00000-0 0  9991
2 40889  56.6776 300.1100 0001266 317.1547  42.9153  1.70475145 18485
GSAT0206 (GALILEO 10)   
1 40890U 15045B   18243.17614524 -.00000004  00000-0  00000+0 0  9998
2 40890  56.6771 300.1168 0001520 243.9042 116.1613  1.70475187 18509
GPS BIIF-11             
1 41019U 15062A   18246.87668101 -.00000016  00000-0  00000+0 0  9994
2 41019  55.0923 142.6534 0038285 203.2120 156.6688  2.00564394 20805
GSAT0209 (GALILEO 12)   
1 41174U 15079A   18246.28029092  .00000012  00000-0  00000+0 0  9994
2 41174  54.9260 179.4770 0005544 301.5652  58.3745  1.70473066 16878
GSAT0208 (GALILEO 11)   
1 41175U 15079B   18247.08674587  .00000005  00000-0  00000+0 0  9991
2 41175  54.9243 179.4552 0004635 302.2408  57.7048  1.70472981 16891
GPS BIIF-12             
1 41328U 16007A   18246.96501769  .00000035  00000-0  00000+0 0  9993
2 41328  54.8343 202.3580 0024447 219.1337 140.6735  2.00560068 18860
GSAT0211 (GALILEO 14)   
1 41549U 16030A   18246.03538925 -.00000004  00000-0  00000-0 0  9994
2 41549  56.8152 299.8283 0003679 259.1143 100.9194  1.70474857 14184
GSAT0210 (GALILEO 13)   
1 41550U 16030B   18245.74195703 -.00000005  00000-0  00000+0 0  9996
2 41550  56.8149 299.8384 0004476 235.6901 124.3427  1.70474899 14153
GSAT0207 (GALILEO 15)   
1 41859U 16069A   18246.57366817  .00000009  00000-0  00000+0 0  9991
2 41859  54.5844 179.9959 0005258 290.9268  69.0089  1.70472933 11150
GSAT0212 (GALILEO 16)   
1 41860U 16069B   18245.84049051  .00000015  00000-0  00000-0 0  9998
2 41860  54.5818 180.0164 0004353 307.6373  52.3177  1.70472906 11166
GSAT0213 (GALILEO 17)   
1 41861U 16069C   18245.62020052  .00000016  00000-0  00000+0 0  9995
2 41861  54.5843 180.0251 0004197 271.8062  88.1408  1.70473201 11168
GSAT0214 (GALILEO 18)   
1 41862U 16069D   18245.18041602  .00000018  00000-0  00000-0 0  9994
2 41862  54.5826 180.0336 0003508 277.4929  82.4630  1.70472944 11148
GOES 16                 
1 41866U 16071A   18247.25521328 -.00000264  00000-0  00000+0 0  9992
2 41866   0.0108 104.7605 0000430 126.5899 128.6457  1.00269303  6605
GSAT0215 (GALILEO 19)   
1 43055U 17079A   18245.66651374 -.00000004  00000-0  00000+0 0  9993
2 43055  56.7900 299.6928 0004065 227.3212 132.7197  1.70473992  4494
GSAT0216 (GALILEO 20)   
1 43056U 17079B   18245.37311011 -.00000004  00000-0  00000+0 0  9993
2 43056  56.7905 299.7002 0005697 240.2405 119.7783  1.70474121  4473
GSAT0217 (GALILEO 21)   
1 43057U 17079C   18246.76626742 -.00000004  00000-0  00000+0 0  9998
2 43057  56.7878 299.6638 0004959 246.5440 113.4796  1.70474127  4511
GSAT0218 (GALILEO 22)   
1 43058U 17079D   18246.39964209 -.00000004  00000-0  00000+0 0  9991
2 43058  56.7881 299.6711 0006268 239.8399 120.1732  1.70474086  4510
