AOR-E (EGNOS/PRN 120)   
1 24307U 96053A   18247.51908410 -.00000141  00000-0  00000+0 0  9995
2 24307   3.5292  75.4884 0003955  77.4679   2.0023  1.00271405 80529
CRE (WAAS/PRN 138)      
1 28868U 05036A   18245.19764017 -.00000084  00000-0  00000+0 0  9993
2 28868   0.0143 321.9297 0001173 181.8591 161.3633  1.00273496 47624
CRW (WAAS/PRN 135)      
1 28884U 05041A   18246.70012722  .00000065  00000-0  00000+0 0  9992
2 28884   0.0582 279.5908 0001761 241.8924 300.3358  1.00272549 47117
IOR-W (EGNOS/PRN 126)   
1 28899U 05044A   18246.92694347 -.00000002  00000-0  00000+0 0  9996
2 28899   2.7046  20.2482 0003063 160.5551 199.7935  1.00271111 46995
MTSAT-2 (MSAS/PRN 137)  
1 28937U 06004A   18246.89917775 -.00000256  00000-0  00000-0 0  9997
2 28937   0.0576 311.8721 0003931 207.9152 291.9159  1.00274063 45978
QZS-1 (QZSS/PRN 183)    
1 37158U 10045A   18247.45553108 -.00000228  00000-0  00000+0 0  9999
2 37158  41.1223 152.9051 0759726 270.8198 214.7671  1.00237192 29210
GSAT-8 (GAGAN/PRN 127)  
1 37605U 11022A   18246.88451920  .00000071  00000-0  00000-0 0  9993
2 37605   0.0172 146.0828 0004987 107.2508 103.0956  1.00270635 24704
LUCH 5A (SDCM/PRN 140)  
1 37951U 11074B   18246.90353955 -.00000060  00000-0  00000+0 0  9994
2 37951   1.9732 144.1325 0001535   6.9117 324.2182  1.00270742 24671
SES-5 (EGNOS/PRN 136)   
1 38652U 12036A   18247.15835536  .00000019  00000-0  00000+0 0  9993
2 38652   0.0447 265.5597 0001820 272.6759 226.9858  1.00271983 22565
GSAT-10 (GAGAN/PRN 128) 
1 38779U 12051B   18246.81694445 -.00000179  00000-0  00000+0 0  9992
2 38779   0.0278 256.4756 0001407 214.4094 249.1380  1.00272458 21788
LUCH 5B (SDCM/PRN 125)  
1 38977U 12061A   18246.86698773 -.00000146  00000-0  00000+0 0  9990
2 38977   4.4229  71.6737 0001576  10.8843 196.2020  1.00270215 21664
ASTRA 5B (EGNOS/PRN 123)
1 39617U 14011B   18246.58933772  .00000141  00000-0  00000-0 0  9994
2 39617   0.0826 295.7145 0004096 235.0710  55.5328  1.00272505 16157
LUCH 5V (SDCM/PRN 141)  
1 39727U 14023A   18247.26482528 -.00000284  00000-0  00000+0 0  9991
2 39727   1.8195 299.7952 0001954 242.6124 351.0257  1.00273669534017
GSAT-15 (GAGAN/PRN 139) 
1 41028U 15065A   18246.78787248 -.00000272  00000-0  00000+0 0  9995
2 41028   0.0521 295.2249 0000959 197.0019 227.7893  1.00273074 10359
E 117 W B (WAAS/PRN 131)
1 41589U 16038B   18246.37373497 -.00000024  00000-0  00000+0 0  9995
2 41589   0.0034 337.9300 0000292 104.5427 277.5394  1.00270917  8199
QZS-2 (QZSS/PRN 184)    
1 42738U 17028A   18245.42401203 -.00000138  00000-0  00000+0 0  9990
2 42738  44.0763 283.5104 0733954 271.6798  80.0065  1.00269073  4623
