AKEBONO (EXOS-D)        
1 19822U 89016A   18246.78568954  .00008474  81841-6  15914-3 0  9993
2 19822  75.0341 133.7608 1835252 235.7327 105.6364 11.85565871961487
HST                     
1 20580U 90037B   18247.54808823  .00000391  00000-0  12899-4 0  9990
2 20580  28.4698 310.4705 0002474 276.3024 189.0865 15.09087570357469
POLAR                   
1 23802U 96013A   18246.59955723  .00000195  00000-0  00000-0 0  9995
2 23802  78.6346 260.2938 7004630 305.5686   7.9075  1.29844573107935
SWAS                    
1 25560U 98071A   18247.22548107  .00000047  00000-0  13036-4 0  9992
2 25560  69.8979 224.3605 0010957 250.3112 109.6862 14.93625948 71849
ORSTED                  
1 25635U 99008B   18247.51338058  .00000102  00000-0  32268-4 0  9990
2 25635  96.4513  53.8686 0137124 270.2008  88.3478 14.48097664 30532
CXO                     
1 25867U 99040B   18248.62290863  .00000571  00000-0  00000+0 0  9991
2 25867  70.6899 281.4342 6928735 240.3334   0.3947  0.37800760 17734
XMM-NEWTON              
1 25989U 99066A   18249.39683427  .00000185  00000-0  00000+0 0  9992
2 25989  70.4583 343.2510 7921979  95.7694   0.3692  0.50136430 23124
TERRA                   
1 25994U 99068A   18247.22291292  .00000015  00000-0  13357-4 0  9991
2 25994  98.1997 320.9250 0001071 106.6011 253.5346 14.57118079995339
CLUSTER II-FM7 (SAMBA)  
1 26410U 00041A   18247.94048099 -.00000175  00000-0  00000+0 0  9996
2 26410 130.9836 336.6908 4121250 164.2996 359.8587  0.44221177 19465
CLUSTER II-FM6 (SALSA)  
1 26411U 00041B   18236.79840679 -.00000368  00000-0  00000+0 0  9996
2 26411 130.1884 337.7699 4996410 171.9241 359.3818  0.44125048 19491
CLUSTER II-FM5 (RUMBA)  
1 26463U 00045A   18248.06606514 -.00000262  00000-0  00000+0 0  9991
2 26463 133.7727 336.7381 4681215 170.9181 359.8554  0.44162131 20045
CLUSTER II-FM8 (TANGO)  
1 26464U 00045B   18244.76258335 -.00000050  00000-0  00000+0 0  9994
2 26464 130.9811 336.6698 4123696 164.2104 214.0540  0.44219190 55362
ODIN                    
1 26702U 01007A   18247.05230238 -.00000097  00000-0 -22328-5 0  9990
2 26702  97.5908 263.7914 0010629 345.1428  14.9486 15.07652348958515
TIMED                   
1 26998U 01055B   18246.89007417  .00000079  00000-0  12624-4 0  9997
2 26998  74.0729 152.1267 0000650 318.4168  41.6963 14.88043864907473
RHESSI                  
1 27370U 02004A   18247.16390857  .00001286  00000-0  47303-4 0  9994
2 27370  38.0322 217.9209 0011544  48.4142 311.7616 15.30501536914285
INTEGRAL                
1 27540U 02048A   18247.97246512  .00001017  00000-0  00000+0 0  9998
2 27540  48.7893 163.6873 8588384 270.0796   0.2557  0.37588753 15953
CORIOLIS                
1 27640U 03001A   18246.97455351 -.00000012  00000-0  15357-4 0  9992
2 27640  98.7379 256.0386 0015175 110.8725 306.5630 14.18987040810900
SORCE                   
1 27651U 03004A   18247.44770803  .00000017  00000-0  15979-4 0  9996
2 27651  39.9967   5.4601 0020990 117.2461 243.0469 14.88892103847027
MOST                    
1 27843U 03031D   18247.06354286 -.00000007  00000-0  17167-4 0  9991
2 27843  98.7133 253.8332 0010166 168.4668 191.6743 14.20573718786972
SCISAT 1                
1 27858U 03036A   18247.17450107 -.00000012  00000-0  32667-5 0  9992
2 27858  73.9338  32.1825 0007463  22.3648 337.7850 14.77212481811337
SWIFT                   
1 28485U 04047A   18246.42336236  .00000743  00000-0  20518-4 0  9996
2 28485  20.5564 274.9218 0011525  79.3097 280.8634 15.04180054755009
FORMOSAT-3 FM6          
1 29047U 06011A   18247.47141445 -.00000013  00000-0  11071-4 0  9991
2 29047  71.9811   0.5932 0048633 106.4657 254.1831 14.28648676648221
FORMOSAT-3 FM1          
1 29048U 06011B   18247.18979953 -.00000046  00000-0 -18166-5 0  9993
2 29048  71.9652 272.8339 0042070  61.6228 298.9140 14.28585444650657
FORMOSAT-3 FM5          
1 29049U 06011C   18246.94759750  .00000031  00000-0  28472-4 0  9990
2 29049  72.0189  81.2859 0033536  96.5408 263.9548 14.28664781646402
FORMOSAT-3 FM3          
1 29050U 06011D   18247.22293399  .00000179  00000-0  48173-4 0  9999
2 29050  72.0154 293.3645 0048044  69.0304 291.5979 14.58698585661319
FORMOSAT-3 FM4          
1 29051U 06011E   18247.45048719  .00000013  00000-0  21204-4 0  9992
2 29051  72.0078 343.5368 0069447 331.0933  28.6363 14.28692242649060
FORMOSAT-3 FM2          
1 29052U 06011F   18246.93537604  .00000029  00000-0  27438-4 0  9993
2 29052  72.0339  56.8478 0039038  56.2084 304.2761 14.28789876647314
CLOUDSAT                
1 29107U 06016A   18247.14460831  .00000098  00000-0  28487-4 0  9991
2 29107  98.0819 190.2588 0000260 143.5986 216.5233 14.62205753657154
CALIPSO                 
1 29108U 06016B   18246.89929186  .00000073  00000-0  26268-4 0  9994
2 29108  98.2060 189.1643 0001421  79.6033 280.5326 14.57123225656954
HINODE (SOLAR-B)        
1 29479U 06041A   18247.50065845  .00000065  00000-0  21213-4 0  9991
2 29479  98.1703 253.8783 0015697 259.6860 100.2573 14.64940028638442
SJ-6C                   
1 29505U 06046A   18247.54549837 -.00000507  00000-0 -41701-4 0  9995
2 29505  97.8283 253.1105 0004452  62.2252 297.9413 14.94457335646232
SJ-6D                   
1 29506U 06046B   18247.55997731  .00000031  00000-0  84342-5 0  9996
2 29506  97.8484 252.8147 0003531 115.7339 244.4246 14.93390615645871
AGILE                   
1 31135U 07013A   18246.78020553  .00001985  00000-0  27693-4 0  9999
2 31135   2.4672 251.2855 0011999  69.0961 291.0376 15.30971542631795
AIM                     
1 31304U 07015A   18246.61865667  .00000178  00000-0  14240-4 0  9991
2 31304  97.9896  91.7275 0006584  71.2395 288.9548 15.12728674621963
FGRST (GLAST)           
1 33053U 08029A   18246.33442535  .00000456  00000-0  93927-5 0  9993
2 33053  25.5820 227.3788 0012462  10.7076 349.3723 15.11122634564429
WISE                    
1 36119U 09071A   18247.14004883  .00000512  00000-0  20728-4 0  9998
2 36119  97.4082 279.1125 0003127 148.5080 211.6347 15.29189432484103
SDO                     
1 36395U 10005A   18247.20877766 -.00000092  00000-0  00000+0 0  9998
2 36395  29.3114 132.5563 0001786  39.0918 144.6979  1.00275909 31529
CRYOSAT 2               
1 36508U 10013A   18247.19392694  .00000061  00000-0  14446-4 0  9992
2 36508  92.0319 309.7891 0004891 271.7406  88.3242 14.52173025445598
X-SAT                   
1 37389U 11015C   18247.56125875 -.00000003  00000-0  17235-4 0  9995
2 37389  98.5254 315.3937 0014888  37.6208 322.6010 14.24360168383486
GCOM-W1 (SHIZUKU)       
1 38337U 12025A   18247.46656785  .00000029  00000-0  16564-4 0  9990
2 38337  98.2062 186.4000 0001891 109.8280   3.3130 14.57111907335051
NUSTAR                  
1 38358U 12031A   18246.51339600  .00000923  00000-0  22940-4 0  9997
2 38358   6.0273 330.9998 0012018 203.1495 156.8092 14.88025134338588
RBSP A                  
1 38752U 12046A   18246.52617660 -.00000205  00000-0 -27625-3 0  9996
2 38752  10.1105 347.0283 6827850 175.3893 197.8854  2.68160104 58782
RBSP B                  
1 38753U 12046B   18246.39428593 -.00000209  00000-0 -74659-3 0  9990
2 38753  10.1417   0.2860 6842980 149.7666 279.4224  2.65145306 58335
NEOSSAT                 
1 39089U 13009D   18246.67257994  .00000017  00000-0  21397-4 0  9996
2 39089  98.5196  89.7237 0012283  67.1018 293.1462 14.34437290288972
IRIS                    
1 39197U 13033A   18247.12845660  .00000074  00000-0  17239-4 0  9990
2 39197  97.9413  67.2021 0027764 176.5854 183.5552 14.78556786279705
HISAKI (SPRINT-A)       
1 39253U 13049A   18247.18772333  .00000135  00000-0  97685-4 0  9993
2 39253  29.7190 268.5452 0137288  16.7585 343.7465 13.55197698246508
CASSIOPE                
1 39265U 13055A   18246.94342505  .00002822  00000-0  79675-4 0  9994
2 39265  80.9666 274.7345 0675660  45.4964 319.9430 14.25983788254696
STSAT-3                 
1 39422U 13066G   18247.38253503  .00000245  00000-0  31106-4 0  9993
2 39422  97.6001 299.1644 0022476 197.5524 162.4933 14.89644015260057
SWARM B                 
1 39451U 13067A   18247.51701461  .00000211  00000-0  78310-5 0  9994
2 39451  87.7504 115.1199 0003285 112.4588 247.7005 15.21377699265401
SWARM A                 
1 39452U 13067B   18247.22281715  .00000897  00000-0  19120-4 0  9991
2 39452  87.3507   8.5309 0003222  83.0745 277.0878 15.43306291268599
SWARM C                 
1 39453U 13067C   18247.54694968  .00000958  00000-0  20480-4 0  9994
2 39453  87.3508   9.8406 0003178  82.2364 277.9253 15.43307139268612
BRITE-TORONTO           
1 40020U 14033L   18247.50363007  .00000083  00000-0  22716-4 0  9996
2 40020  97.7767 101.7574 0087430 353.1919   6.8092 14.66516259225200
OCO 2                   
1 40059U 14035A   18247.16796227  .00000012  00000-0  12765-4 0  9991
2 40059  98.1988 187.2622 0001490  84.0602 276.0766 14.57126814222048
BRITE-PL 2              
1 40119U 14049B   18247.21591659  .00000065  00000-0  14164-4 0  9994
2 40119  97.9170 335.2369 0018913  81.0689 279.2666 14.84317049219028
RESURS P2               
1 40360U 14087A   18247.56143448  .00000432  00000-0  16056-4 0  9991
2 40360  97.2683 338.4278 0009784   9.0028 120.7861 15.32724260206434
MMS 1                   
1 40482U 15011A   18245.97401620 -.00000971  00000-0  00000-0 0  9993
2 40482   5.2334 321.1396 9080677 160.2477 316.4159  0.35512421  9265
MMS 2                   
1 40483U 15011B   18240.32660782 -.00000850  00000-0  00000+0 0  9999
2 40483   5.4910 320.2702 9077763 160.8168 314.4871  0.35523697  9204
MMS 3                   
1 40484U 15011C   18246.80007785 -.00000969  00000-0  00000+0 0  9998
2 40484   5.2245 321.2570 9078631 160.1670  61.9585  0.35516092  9223
MMS 4                   
1 40485U 15011D   18239.98599537 -.00000863  00000-0  00000+0 0  9994
2 40485   5.5149 320.1167 9079456 160.9734 270.8795  0.35530260  9198
ASTROSAT                
1 40930U 15052A   18244.31466696  .00000963  00000-0  46328-4 0  9994
2 40930   6.0014 331.5465 0008785   1.2123 358.8126 14.76233004158246
DAMPE                   
1 41173U 15078A   18247.35949513  .00000047  00000-0  48434-5 0  9997
2 41173  97.2954 247.9785 0015066  35.4433  75.5257 15.23719613151091
PISAT                   
1 41784U 16059B   18247.15178674  .00000063  00000-0  21416-4 0  9993
2 41784  98.1115 307.8748 0031496 204.0556 155.9177 14.63359888103502
HXMT (HUIYAN)           
1 42758U 17034A   18247.43628264  .00000145  00000-0  22968-4 0  9999
2 42758  43.0188  11.7317 0010125 254.7135 214.4200 15.08392005 67399
FLYING LAPTOP           
1 42831U 17042G   18247.35384900  .00000083  00000-0  13875-4 0  9995
2 42831  97.5882 146.7242 0012853 300.5310  59.4640 14.90885551 62121
PICSAT                  
1 43132U 18004X   18246.83417198  .00000952  00000-0  43771-4 0  9990
2 43132  97.5272 309.7039 0010079 174.2611 185.8743 15.22820015 35681
ZHANGZHENG-1 (CSES)     
1 43194U 18015C   18247.53402400  .00000765  00000-0  37483-4 0  9993
2 43194  97.3599  14.2374 0015913 232.6005 127.3783 15.21027988 32574
