ASTRA 1D                
1 23331U 94070A   18247.45743059 -.00000279  00000-0  00000+0 0  9999
2 23331   8.2054  46.2140 0003430 114.2184 274.7877  1.00271569 87661
ASTRA 1F                
1 23842U 96021A   18247.45336875  .00000123  00000-0  00000+0 0  9995
2 23842   0.0726 306.0683 0004975 224.1823  20.7990  1.00273372 81820
AMC-1 (GE-1)            
1 24315U 96054A   18246.64280218  .00000054  00000-0  00000-0 0  9990
2 24315   2.4976  82.7961 0002730  92.2153 268.2237  1.00271710 17818
AMC-2 (GE-2)            
1 24713U 97002A   18247.06867694 -.00000225  00000-0  00000+0 0  9992
2 24713   5.1486  63.6741 0004763 102.0493 117.2910  1.00270380 29811
AMC-3 (GE-3)            
1 24936U 97050A   18246.85590878 -.00000273  00000-0  00000-0 0  9999
2 24936   1.3254  90.2302 0002438  70.0537  58.7849  1.00271298 23923
NSS-5                   
1 24957U 97053A   18247.16742789  .00000093  00000-0  00000+0 0  9998
2 24957   4.6873  67.1069 0003093  98.9302 287.9724  1.00271214 76732
ASTRA 1G                
1 25071U 97076A   18247.45598583  .00000051  00000-0  00000+0 0  9998
2 25071   3.2298  76.5906 0003002  97.2320  30.9867  1.00279602 76038
NSS-806                 
1 25239U 98014A   18246.86079399 -.00000292  00000-0  00000-0 0  9999
2 25239   0.0636  65.7748 0003467  87.6795  91.8755  1.00271169 18794
ASTRA 2A                
1 25462U 98050A   18246.89019247 -.00000319  00000-0  00000-0 0  9996
2 25462   0.1273 112.5278 0002658  60.5266 230.3919  1.00272766 17855
ASTRA 1H                
1 25785U 99033A   18247.50274424 -.00000279  00000-0  00000+0 0  9999
2 25785   4.6721  67.2462 0000373 355.9906  33.0030  1.00135894 70283
AMC-4 (GE-4)            
1 25954U 99060A   18247.42062394  .00000072  00000-0  00000+0 0  9999
2 25954   0.0811 284.0652 0002256 254.8429 181.0991  1.00272737 68982
ASTRA 2B                
1 26494U 00054A   18247.52019142  .00000102  00000-0  00000+0 0  9992
2 26494   3.1225  77.2395 0005235  96.5953  16.4026  1.00270950 65739
AMC-7 (GE-7)            
1 26495U 00054B   18247.42093137  .00000072  00000-0  00000+0 0  9994
2 26495   0.0114  83.1826 0001240 123.8185 152.9993  1.00271275 65753
NSS-11 (AAP-1)          
1 26554U 00059A   18246.83357642  .00000011  00000-0  00000-0 0  9997
2 26554   0.0562 295.3627 0002213 245.6857 277.9494  1.00272376 12795
AMC-6 (GE-6)            
1 26580U 00067A   18246.85372789 -.00000230  00000-0  00000-0 0  9990
2 26580   0.0550 295.7135 0002409 245.9625  25.5913  1.00272725 65465
ASTRA 2D                
1 26638U 00081A   18246.22450310  .00000019  00000-0  00000+0 0  9991
2 26638   4.5020  67.9942 0001868  87.8606 272.4156  1.00273347 64872
AMC-8 (GE-8)            
1 26639U 00081B   18246.57965942  .00000091  00000-0  00000+0 0  9992
2 26639   0.0315 288.5556 0001574 293.2146 190.5553  1.00273156 64766
ASTRA 2C                
1 26853U 01025A   18246.86368935  .00000123  00000-0  00000-0 0  9997
2 26853   1.3491  89.9325 0002994  73.0492 154.5921  1.00269543 16542
ASTRA 3A                
1 27400U 02015B   18246.36532333 -.00000293  00000-0  00000-0 0  9995
2 27400   4.6524  66.6935 0002966 104.5915 255.6881  1.00269118 60211
NSS-7                   
1 27414U 02019A   18246.32967768 -.00000168  00000-0  00000-0 0  9995
2 27414   2.8164  80.6915 0002644  73.2897 287.1132  1.00272896 60052
NSS-6                   
1 27603U 02057A   18246.88923288 -.00000284  00000-0  00000-0 0  9996
2 27603   0.0155 159.1908 0002184  49.8896 189.0170  1.00270204 57580
AMC-10 (GE-10)          
1 28154U 04003A   18247.48939715  .00000072  00000-0  00000+0 0  9993
2 28154   0.0539 291.5073 0002121 198.4622 254.7702  1.00273008 53437
AMC-11 (GE-11)          
1 28252U 04017A   18247.49026951  .00000053  00000-0  00000+0 0  9996
2 28252   0.0588 299.4518 0002630 236.9316 212.6691  1.00270412 52204
AMC-15                  
1 28446U 04041A   18247.49702708 -.00000105  00000-0  00000+0 0  9998
2 28446   0.0525 306.2758 0002379 229.3057 241.8575  1.00271968 50874
AMC-16                  
1 28472U 04048A   18247.49942927 -.00000222  00000-0  00000+0 0  9993
2 28472   0.0567 297.9744 0002431 227.7498 272.6314  1.00272516 50312
NSS-10 (AMC-12)         
1 28526U 05003A   18247.43705565 -.00000266  00000-0  00000+0 0  9992
2 28526   0.0499 300.0392 0002818 235.6909 287.6702  1.00272412 49810
ASTRA 1KR               
1 29055U 06012A   18246.87405383  .00000106  00000-0  00000-0 0  9996
2 29055   0.0966 274.9878 0004436 283.5140 118.2902  1.00272145 17226
AMC-18                  
1 29644U 06054B   18247.48861203  .00000088  00000-0  00000+0 0  9999
2 29644   0.0667 285.2246 0001945 202.3579 252.8672  1.00271495 43055
ASTRA 1L                
1 31306U 07016A   18246.87405383  .00000106  00000-0  00000-0 0  9993
2 31306   0.1055 292.3854 0002415 292.5014  91.9058  1.00272043 16552
ASTRA 4A (SIRIUS 4)     
1 32299U 07057A   18247.15835536  .00000017  00000-0  00000+0 0  9999
2 32299   0.0409 310.9774 0002722 215.2038 238.8581  1.00272303 39459
AMC-21                  
1 33275U 08038B   18247.56652146  .00000020  00000-0  00000+0 0  9997
2 33275   0.0583 298.7196 0002208 237.2360 246.7266  1.00271587 36963
ASTRA 1M                
1 33436U 08057A   18246.87405383  .00000105  00000-0  00000-0 0  9994
2 33436   0.0319 249.0333 0005095 262.9043 164.8526  1.00270229 17220
CIEL-2                  
1 33453U 08063A   18247.13174844  .00000043  00000-0  00000+0 0  9995
2 33453   0.0369 276.0292 0003166 266.1590  79.5935  1.00272242 35636
NSS-9                   
1 33749U 09008A   18246.83497219  .00000058  00000-0  00000+0 0  9999
2 33749   0.0573 302.7726 0002051 228.2640 295.5306  1.00272339 35052
SES-7 (PROTOSTAR 2)     
1 34941U 09027A   18247.46619243 -.00000361  00000-0  00000+0 0  9996
2 34941   0.0135 105.0461 0001621 130.8565  23.7228  1.00270301 34114
NSS-12                  
1 36032U 09058A   18246.88901880  .00000057  00000-0  00000-0 0  9991
2 36032   0.0573 299.3104 0002325 237.3629 183.3361  1.00272403 32428
SES-1                   
1 36516U 10016A   18247.19840954 -.00000130  00000-0  00000+0 0  9995
2 36516   0.0494 301.9004 0001436 230.3205 141.4888  1.00271296 30629
ASTRA 3B                
1 36581U 10021A   18247.52106378  .00000120  00000-0  00000+0 0  9993
2 36581   0.0383 318.4241 0002931 200.6618  35.5840  1.00269706 30144
SES-3                   
1 37748U 11035A   18246.63426418 -.00000115  00000-0  00000+0 0  9991
2 37748   0.0577 300.1199 0002003 236.0954 291.8337  1.00271777 26189
ASTRA 1N                
1 37775U 11041A   18246.87405383  .00000105  00000-0  00000-0 0  9991
2 37775   0.0528 325.3509 0002565 147.5097 203.9424  1.00270243 16026
SES-2                   
1 37809U 11049A   18246.85285553 -.00000210  00000-0  00000-0 0  9998
2 37809   0.0478 299.6538 0002567 227.5030  35.8053  1.00271408 25519
QUETZSAT 1              
1 37826U 11054A   18247.45773241 -.00000258  00000-0  00000+0 0  9997
2 37826   0.0584 300.6053 0002589 229.9763 260.7215  1.00272802 25590
SES-4                   
1 38087U 12007A   18247.39910537 -.00000184  00000-0  00000+0 0  9998
2 38087   0.0160  69.5045 0002215  96.6050 299.0235  1.00270730 23982
SES-5                   
1 38652U 12036A   18247.15835536  .00000019  00000-0  00000+0 0  9993
2 38652   0.0447 265.5597 0001820 272.6759 226.9858  1.00271983 22565
ASTRA 2F                
1 38778U 12051A   18246.96875802  .00000135  00000-0  00000+0 0  9996
2 38778   0.0882 245.3555 0003983 317.4405 157.1941  1.00269401 21788
SES-6                   
1 39172U 13026A   18246.16183370 -.00000273  00000-0  00000+0 0  9996
2 39172   0.0618 300.2813 0001802 237.6356 182.0928  1.00271132 19219
O3B FM5                 
1 39188U 13031A   18246.56368496 -.00000020  00000-0  00000-0 0  9998
2 39188   0.0267   7.4679 0002565 154.6510 197.8919  5.00115780 94889
O3B FM4                 
1 39189U 13031B   18245.96310947 -.00000020  00000-0  00000-0 0  9990
2 39189   0.0549  13.1664 0002548 149.6037 197.2404  5.00115762 94850
O3B FM2                 
1 39190U 13031C   18246.72815693 -.00000021  00000-0  00000-0 0  9996
2 39190   0.0581  16.9194 0006841 186.2135 156.8380  5.00115769 94865
O3B PFM                 
1 39191U 13031D   18244.36044867 -.00000019  00000-0  00000-0 0  9999
2 39191   0.0351   6.9969 0001105 205.1812 147.8172  5.00115046 94745
ASTRA 2E                
1 39285U 13056A   18245.97079532  .00000139  00000-0  00000+0 0  9996
2 39285   0.0614 340.7907 0002432 178.9728 200.2554  1.00273900 18079
SES-8                   
1 39460U 13071A   18246.78377485 -.00000283  00000-0  00000+0 0  9997
2 39460   0.0532 277.0135 0002154 227.2249 215.7840  1.00271160 17361
ASTRA 5B                
1 39617U 14011B   18246.58933772  .00000141  00000-0  00000-0 0  9994
2 39617   0.0826 295.7145 0004096 235.0710  55.5328  1.00272505 16157
O3B FM3                 
1 40079U 14038A   18246.86298994 -.00000021  00000-0  00000-0 0  9996
2 40079   0.0458  13.4398 0001962  88.9009 257.6829  5.00115297 70960
O3B FM7                 
1 40080U 14038B   18246.41320624 -.00000020  00000-0  00000-0 0  9994
2 40080   0.0478  12.1402 0002602 148.3440 199.5276  5.00116320 75736
O3B FM6                 
1 40081U 14038C   18245.62971717 -.00000019  00000-0  00000-0 0  9990
2 40081   0.0466  12.8919 0002549 147.1323 199.9878  5.00117304 75679
O3B FM8                 
1 40082U 14038D   18246.67940387 -.00000020  00000-0  00000-0 0  9998
2 40082   0.0499  12.0747 0002583 149.9394 197.9967  5.00115035 75826
O3B FM10                
1 40348U 14083A   18246.71250652 -.00000021  00000-0  00000-0 0  9998
2 40348   0.0401   4.6252 0002547 156.3684 199.0177  5.00114245 67803
O3B FM11                
1 40349U 14083B   18246.72910861 -.00000021  00000-0  00000-0 0  9995
2 40349   0.0378  10.8272 0003291 150.5086 198.6780  5.00115795 67803
O3B FM12                
1 40350U 14083C   18246.79623534 -.00000021  00000-0  00000-0 0  9992
2 40350   0.0389  10.4384 0002760 154.4819 195.0896  5.00115544 67805
O3B FM9                 
1 40351U 14083D   18246.57888249 -.00000020  00000-0  00000-0 0  9994
2 40351   0.0371  12.2351 0002587 150.0768 197.6988  5.00114825 67815
ASTRA 2G                
1 40364U 14089A   18245.97162582  .00000138  00000-0  00000+0 0  9990
2 40364   0.0421 329.4784 0002615 131.9374 258.6228  1.00273042 13506
SES-9                   
1 41380U 16013A   18245.74967981 -.00000356  00000-0  00000-0 0  9993
2 41380   0.0495 279.0381 0001438 213.9569 227.0265  1.00271630  8953
SES-10                  
1 42432U 17017A   18247.23223746 -.00000288  00000-0  00000+0 0  9990
2 42432   0.0125 132.4112 0002434  37.4434 190.1502  1.00269228  5279
SES-15                  
1 42709U 17026A   18247.40463530  .00000044  00000-0  00000+0 0  9992
2 42709   0.0190 152.9004 0000615  33.8958 173.2029  1.00271080  5674
SES-11 (ECHOSTAR 105)   
1 42967U 17063A   18246.34038505 -.00000102  00000-0  00000+0 0  9997
2 42967   0.0097 167.8664 0002112   4.1173 188.0285  1.00271668  3305
SES-14                  
1 43175U 18012B   18247.17843270 -.00000294  00000-0  00000+0 0  9991
2 43175   0.0149 106.5902 0001503 122.4453 130.9588  1.00271343  2567
O3B FM15                
1 43231U 18024A   18246.44636184 -.00000020  00000-0  00000+0 0  9997
2 43231   0.0415   0.2602 0002707 161.2073 198.5441  5.00115614  8914
O3B FM16                
1 43232U 18024B   18245.69661819 -.00000019  00000-0  00000-0 0  9996
2 43232   0.0428 354.7098 0002950 172.5247 192.7750  5.00116243  8876
O3B FM14                
1 43233U 18024C   18247.14534634 -.00000021  00000-0  00000+0 0  9995
2 43233   0.0439 353.4800 0002743 176.6866 189.8404  5.00117359  8948
O3B FM13                
1 43234U 18024D   18244.16161127 -.00000019  00000-0  00000-0 0  9996
2 43234   0.0313  36.1478 0004547 126.2574 197.6125  4.99957461  8790
SES-12                  
1 43488U 18049A   18243.87500000 -.00000275  00000-0  00000+0 0  9991
2 43488   6.1781 162.4038 5432697 175.4782 325.8936  0.94003132   936
