ISS (ZARYA)             
1 25544U 98067A   18247.58435821  .00001784  00000-0  34446-4 0  9993
2 25544  51.6427 343.0272 0005775 124.2779  18.7158 15.53928631130865
FLOCK 2E'-14            
1 41762U 98067KJ  18246.57954952  .00070357  00000-0  30176-3 0  9999
2 41762  51.6312 292.1048 0003535  37.5701 322.5549 15.84427002112507
FLOCK 2E'-15            
1 41764U 98067KL  18247.37696115  .00067199  00000-0  32378-3 0  9990
2 41764  51.6303 291.4346 0002315  47.2855 312.8342 15.81976407112547
TIANGONG-2              
1 41765U 16057A   18247.42840704  .00002524  00000-0  35774-4 0  9996
2 41765  42.7835 229.1867 0005759  88.6387  48.6331 15.59366213112397
FLOCK 2E'-18            
1 41769U 98067KM  18247.40871265  .00064765  00000-0  31584-3 0  9994
2 41769  51.6314 290.8932 0001586  21.5899 338.5169 15.81732305112550
FLOCK 2E'-20            
1 41782U 98067KQ  18247.44721866  .00350808  61243-4  77951-3 0  9998
2 41782  51.6269 272.9455 0006777  40.5593 319.5920 15.97330110112610
BANXING-2               
1 41834U 16057H   18247.27968052  .00016406  00000-0  82519-4 0  9996
2 41834  42.7796 169.8426 0011513 175.5780 321.9753 15.81323859107101
ITF-2                   
1 41932U 98067KU  18246.59325788  .00037722  00000-0  18298-3 0  9999
2 41932  51.6299 295.1891 0002227  82.7546 277.3710 15.82081513 93152
WASEDA-SAT3             
1 41933U 98067KV  18247.46928860  .00148014  19981-4  33900-3 0  9993
2 41933  51.6292 277.5197 0004861  38.0239 322.1112 15.97041159 93465
AOBA-VELOX 3            
1 41935U 98067KX  18246.52453815  .00079157  00000-0  25989-3 0  9991
2 41935  51.6323 287.8864 0003349  44.8022 315.3253 15.89829258 93344
LEMUR-2-REDFERN-GOES    
1 42059U 98067LA  18246.62987244  .00052020  00000-0  23135-3 0  9999
2 42059  51.6339 297.6394 0001772  89.9246 270.1960 15.83790318 85614
LEMUR-2-AUSTINTACIOUS   
1 42068U 98067LD  18247.35580730  .00169098  22707-4  37650-3 0  9992
2 42068  51.6279 282.7862 0004807  31.9859 328.1441 15.97499569 85809
LEMUR-2-TRUTNAHD        
1 42069U 98067LE  18247.17475342  .00068845  00000-0  26521-3 0  9996
2 42069  51.6268 291.4569 0001924  45.9880 314.1282 15.86667943 85725
HAVELSAT                
1 42700U 98067LH  18247.41825411  .00029217  00000-0  18962-3 0  9991
2 42700  51.6320 308.3064 0001008 206.4960 153.5989 15.75739152 74491
CXBN-2                  
1 42704U 98067LM  18247.46240561  .00029918  00000-0  19816-3 0  9994
2 42704  51.6342 309.3792 0002047  52.9065 307.2121 15.75257271 74406
ICECUBE                 
1 42705U 98067LN  18247.35911694  .00160714  21169-4  41806-3 0  9992
2 42705  51.6452 294.4718 0004242  36.0335 324.0958 15.94674607 74652
PHOENIX                 
1 42706U 98067LP  18247.44609961  .00019438  00000-0  14756-3 0  9991
2 42706  51.6354 311.5300 0001350  63.8843 296.2294 15.72350283 74369
X-CUBESAT               
1 42707U 98067LQ  18247.42457226  .00033336  00000-0  20619-3 0  9993
2 42707  51.6333 307.5013 0001841  46.2803 313.8349 15.76765383 74406
QBEE50-LTU-OC           
1 42708U 98067LR  18247.42310872  .00028590  00000-0  18761-3 0  9990
2 42708  51.6336 309.0958 0001717  31.1035 329.0066 15.75498258 74348
ALTAIR PATHFINDER       
1 42711U 98067LS  18247.48168739  .00011974  00000-0  11797-3 0  9993
2 42711  51.6363 321.5644 0003433 104.8063 255.3313 15.66434422 73897
SHARC                   
1 42712U 98067LT  18247.45717782  .00022330  00000-0  20364-3 0  9997
2 42712  51.6373 322.9688 0001750  81.2678 278.8516 15.67801646 74110
ZA-AEROSAT              
1 42713U 98067LU  18247.41821881  .00018529  00000-0  14977-3 0  9998
2 42713  51.6346 315.0847 0002182  74.0161 286.1077 15.70885465 73970
LINK                    
1 42714U 98067LV  18247.40927340  .00269397  40877-4  56265-3 0  9992
2 42714  51.6184 292.7956 0007673  20.0373 340.0936 15.98474360 74376
CSUNSAT 1               
1 42715U 98067LW  18247.39793065  .00020242  00000-0  15664-3 0  9998
2 42715  51.6353 314.2194 0003276  86.3291 273.8082 15.71859859 73980
SPACECUBE               
1 42717U 98067LY  18247.39321627  .00029897  00000-0  19765-3 0  9992
2 42717  51.6303 309.5962 0000106 338.1942  21.9053 15.75300486 73416
HOOPOE                  
1 42718U 98067LZ  18247.37894521  .00042947  00000-0  23047-3 0  9998
2 42718  51.6290 304.9623 0001270  35.5250 324.5836 15.79819519 73471
NJUST-1                 
1 42722U 98067MB  18247.46736439  .00016268  00000-0  13853-3 0  9997
2 42722  51.6357 316.9475 0003577 162.8398 197.2721 15.69731763 73029
UNSW-ECO                
1 42723U 98067MC  18247.38838243  .00053809  00000-0  26675-3 0  9993
2 42723  51.6381 304.3626 0000742  65.1088 294.9992 15.81453667 73166
LILACSAT-1              
1 42725U 98067ME  18247.42422371  .00025278  00000-0  18317-3 0  9994
2 42725  51.6362 312.8865 0002042 156.1121 203.9973 15.73264470 72970
NSIGHT-1                
1 42726U 98067MF  18247.44872491  .00007641  00000-0  88964-4 0  9999
2 42726  51.6395 327.4318 0004550 164.6471 195.4662 15.62792583 72799
SNUSAT-1                
1 42727U 98067MG  18247.43723425  .00024100  00000-0  17496-3 0  9991
2 42727  51.6328 312.9008 0004070 118.4766 241.6643 15.73246738 72940
I-INSPIRE II            
1 42731U 98067ML  18247.40759174  .00050501  00000-0  24028-3 0  9996
2 42731  51.6344 302.8821 0003795  64.9319 295.2077 15.82358424 72960
POLYITAN-2-SAU          
1 42732U 98067MM  18247.44192806  .00031236  00000-0  19589-3 0  9994
2 42732  51.6324 308.4271 0003890  92.1228 268.0218 15.76480303 72890
SNUSAT-1B               
1 42733U 98067MN  18247.42925048  .00026839  00000-0  18584-3 0  9992
2 42733  51.6337 311.3786 0003904 102.2026 257.9411 15.74286887 72851
EXALTA-1                
1 42734U 98067MP  18247.40196199  .00061051  00000-0  26832-3 0  9998
2 42734  51.6267 301.9891 0002081  77.6284 282.4952 15.83974046 72924
BEEAGLESAT              
1 42736U 98067MR  18247.44687766  .00022405  00000-0  16998-3 0  9991
2 42736  51.6338 313.7552 0003142 159.3591 200.7535 15.72257261 72884
ASTERIA                 
1 43020U 98067NH  18247.51035830  .00010769  00000-0  13179-3 0  9993
2 43020  51.6425 335.3956 0002649  97.8092 262.3203 15.60974680 44871
DELLINGR (RBLE)         
1 43021U 98067NJ  18247.47383108  .00004945  00000-0  69960-4 0  9992
2 43021  51.6410 338.1113 0002650  92.5227 267.6069 15.58504762 44837
OSIRIS-3U               
1 43027U 98067NL  18247.45006173  .00030034  00000-0  26053-3 0  9993
2 43027  51.6374 328.1549 0003051  53.3129 306.8148 15.68845800 44843
PROGRESS-MS 08          
1 43211U 18019A   18241.87828412  .00010714  00000-0  10861-3 0  9998
2 43211  51.6425  10.9156 0040875 270.9965 232.0473 15.64846262 30738
SOYUZ-MS 08             
1 43238U 18026A   18246.56353009  .00001774  00000-0  34307-4 0  9999
2 43238  51.6429 348.1146 0005700 122.2187  66.3388 15.53923758130704
1KUNS-PF                
1 43466U 98067NP  18247.47054440  .00009396  00000-0  13318-3 0  9999
2 43466  51.6402 341.8301 0000873  38.9119 321.1936 15.57218168 18044
UBAKUSAT                
1 43467U 98067NQ  18247.48389953  .00006477  00000-0  95580-4 0  9990
2 43467  51.6408 341.9225 0002995  63.3386 296.7912 15.56740957 18059
BATSU-CS1 (IRAZU)       
1 43468U 98067NR  18247.51871949  .00010747  00000-0  14903-3 0  9990
2 43468  51.6405 341.4018 0000856  24.0641 336.0391 15.57635028118046
SOYUZ-MS 09             
1 43493U 18051A   18246.56353009  .00001774  00000-0  34307-4 0  9990
2 43493  51.6429 348.1146 0005700 122.2187  66.3388 15.53923758130707
PROGRESS-MS 09          
1 43537U 18058A   18246.56353009  .00001774  00000-0  34307-4 0  9996
2 43537  51.6429 348.1146 0005700 122.2187  66.3388 15.53923758130706
CUBERRT                 
1 43546U 98067NU  18247.45869033  .00004016  00000-0  65056-4 0  9999
2 43546  51.6406 343.2442 0006060 128.2985 231.8552 15.55334330  8168
TEMPEST-D               
1 43547U 98067NV  18246.82042283  .00002354  00000-0  41494-4 0  9993
2 43547  51.6410 346.4814 0006375 127.3417 232.8156 15.55042947  7745
1998-067NW              
1 43548U 98067NW  18246.82139144  .00007541  00000-0  11637-3 0  9995
2 43548  51.6404 346.4880 0006021 134.9851 225.1629 15.55220704  8195
HALOSAT                 
1 43549U 98067NX  18246.75670254  .00004351  00000-0  70237-4 0  9998
2 43549  51.6407 346.8060 0006113 135.1974 224.9512 15.55192531  7748
1998-067NY              
1 43550U 98067NY  18246.81371388  .00010788  00000-0  16086-3 0  9995
2 43550  51.6400 346.4363 0004617 151.1523 208.9724 15.55647602  8214
ENDUROSAT ONE           
1 43551U 98067NZ  18247.51810148  .00007848  00000-0  11918-3 0  9998
2 43551  51.6403 342.8915 0006320 146.7216 213.4174 15.55594304  8279
EQUISAT                 
1 43552U 98067PA  18247.51909124  .00006859  00000-0  10542-3 0  9995
2 43552  51.6405 342.8986 0006632 147.3029 212.8374 15.55500753  8231
1998-067PB              
1 43553U 98067PB  18247.52028370  .00005917  00000-0  92251-4 0  9994
2 43553  51.6409 342.9074 0006853 147.8670 212.2740 15.55400493  8283
1998-067PC              
1 43554U 98067PC  18246.55312000  .00008745  00000-0  13182-3 0  9990
2 43554  51.6403 347.6973 0006534 143.8766 216.2668 15.55628330  7662
AEROCUBE 12A            
1 43556U 18046C   18246.79493833  .00001263  00000-0  58775-4 0  9997
2 43556  51.6435 356.6650 0009203 120.9390 239.2495 15.27758782  7539
AEROCUBE 12B            
1 43557U 18046D   18246.79496366  .00001029  00000-0  50296-4 0  9992
2 43557  51.6433 356.6649 0009190 121.0341 239.1542 15.27747051  7482
LEMUR E                 
1 43558U 18046E   18246.72566664  .00002964  00000-0  11994-3 0  9995
2 43558  51.6418 356.9539 0008648 122.6006 237.5809 15.27917472  7517
LEMUR F                 
1 43559U 18046F   18246.72554895  .00002766  00000-0  11280-3 0  9997
2 43559  51.6419 356.9534 0008712 122.4406 237.7417 15.27921999  7299
LEMUR G                 
1 43560U 18046G   18246.72654969  .00002898  00000-0  11765-3 0  9996
2 43560  51.6414 356.9584 0009111 135.3385 224.8330 15.27888965  7515
LEMUR H                 
1 43561U 18046H   18246.72651940  .00002855  00000-0  11610-3 0  9995
2 43561  51.6415 356.9578 0009157 135.7925 224.3787 15.27892354  7073
SIRIUSSAT 1             
1 43595U 98067PG  18246.84408761  .00006687  00000-0  10612-3 0  9995
2 43595  51.6405 346.6341 0003917 103.5468 256.5959 15.54662071  2979
1998-067PH              
1 43596U 98067PH  18246.78145153  .00006863  00000-0  10925-3 0  9995
2 43596  51.6413 346.9680 0004574 107.8237 252.3253 15.54527632  2962
1998-067PJ              
1 43597U 98067PJ  18246.84546246  .00007700  00000-0  12145-3 0  9998
2 43597  51.6395 346.6430 0003852 119.6657 240.4717 15.54582267  2976
1998-067PK              
1 43598U 98067PK  18247.10328128  .00008598  00000-0  13495-3 0  9991
2 43598  51.6398 345.3655 0004074 118.9925 241.1475 15.54541099  3015
