TDRS 3                  
1 19548U 88091B   18247.46101426 -.00000308  00000-0  00000+0 0  9990
2 19548  14.4156   3.5039 0034053 311.5987 131.9510  1.00279566 96864
HST                     
1 20580U 90037B   18247.54808823  .00000391  00000-0  12899-4 0  9990
2 20580  28.4698 310.4705 0002474 276.3024 189.0865 15.09087570357469
TDRS 5                  
1 21639U 91054B   18247.43300187  .00000076  00000-0  00000+0 0  9990
2 21639  14.5953  16.8265 0020411 350.2330 324.7033  1.00266444 99201
TDRS 6                  
1 22314U 93003B   18246.80494581 -.00000302  00000-0  00000+0 0  9992
2 22314  14.1668  19.8515 0003088 317.1220 249.6388  1.00266294 93860
TDRS 7                  
1 23613U 95035B   18247.05741255 -.00000208  00000-0  00000+0 0  9998
2 23613  14.7647  10.5356 0026409  20.3781  57.7636  1.00268358 84647
ISS (ZARYA)             
1 25544U 98067A   18247.58435821  .00001784  00000-0  34446-4 0  9993
2 25544  51.6427 343.0272 0005775 124.2779  18.7158 15.53928631130865
LANDSAT 7               
1 25682U 99020A   18247.55190964 -.00000024  00000-0  46426-5 0  9998
2 25682  98.1658 316.2449 0001633  86.4586 273.6812 14.57134458 31309
TERRA                   
1 25994U 99068A   18247.22291292  .00000015  00000-0  13357-4 0  9991
2 25994  98.1997 320.9250 0001071 106.6011 253.5346 14.57118079995339
TDRS 8                  
1 26388U 00034A   18245.94764150 -.00000238  00000-0  00000+0 0  9993
2 26388   8.2086  52.2530 0005787 264.8246  95.2442  1.00266339 66658
TIMED                   
1 26998U 01055B   18246.89007417  .00000079  00000-0  12624-4 0  9997
2 26998  74.0729 152.1267 0000650 318.4168  41.6963 14.88043864907473
TDRS 9                  
1 27389U 02011A   18247.37040747 -.00000116  00000-0  00000+0 0  9995
2 27389   6.1525  73.9934 0016367 255.0003 135.7364  1.00271720 61931
AQUA                    
1 27424U 02022A   18246.91265131  .00000051  00000-0  21358-4 0  9993
2 27424  98.1990 186.9047 0001616 154.5893 280.0190 14.57130121868840
TDRS 10                 
1 27566U 02055A   18246.68959520  .00000065  00000-0  00000+0 0  9993
2 27566   5.7870  56.4744 0005320 238.0248 122.1179  1.00270237 57717
SORCE                   
1 27651U 03004A   18247.44770803  .00000017  00000-0  15979-4 0  9996
2 27651  39.9967   5.4601 0020990 117.2461 243.0469 14.88892103847027
AURA                    
1 28376U 04026A   18247.17833236  .00000049  00000-0  20920-4 0  9993
2 28376  98.1989 189.3218 0001494 102.2873 257.8493 14.57115254751977
SWIFT                   
1 28485U 04047A   18246.42336236  .00000743  00000-0  20518-4 0  9996
2 28485  20.5564 274.9218 0011525  79.3097 280.8634 15.04180054755009
THEMIS A                
1 30580U 07004A   18246.16831252 -.00000507  00000-0  00000+0 0  9998
2 30580   8.9878 142.0666 8311658 226.0894   6.1235  0.87836149 40968
THEMIS D                
1 30797U 07004D   18246.89990263 -.00000543  00000-0  00000+0 0  9996
2 30797   4.9928  99.7421 8535029 278.3869   4.5588  0.71875702 41302
THEMIS E                
1 30798U 07004E   18246.24532030 -.00000454  00000-0  00000+0 0  9991
2 30798   5.2521 125.0415 8366457 251.9157  10.9619  0.81321532 41254
AIM                     
1 31304U 07015A   18246.61865667  .00000178  00000-0  14240-4 0  9991
2 31304  97.9896  91.7275 0006584  71.2395 288.9548 15.12728674621963
FGRST (GLAST)           
1 33053U 08029A   18246.33442535  .00000456  00000-0  93927-5 0  9993
2 33053  25.5820 227.3788 0012462  10.7076 349.3723 15.11122634564429
WISE                    
1 36119U 09071A   18247.14004883  .00000512  00000-0  20728-4 0  9998
2 36119  97.4082 279.1125 0003127 148.5080 211.6347 15.29189432484103
TDRS 11                 
1 39070U 13004A   18246.43704835  .00000087  00000-0  00000+0 0  9996
2 39070   4.7880 328.7738 0004606 288.9431  71.0697  1.00278603 20477
TDRS 12                 
1 39504U 14004A   18246.09656791 -.00000277  00000-0  00000+0 0  9990
2 39504   5.4707 336.0151 0000946 222.6462 137.4161  1.00270854 16937
GPM-CORE                
1 39574U 14009C   18247.22664781  .00001800  00000-0  30480-4 0  9998
2 39574  65.0058 209.8553 0012054 288.5079  71.4756 15.55534924256609
MMS 1                   
1 40482U 15011A   18245.97401620 -.00000971  00000-0  00000-0 0  9993
2 40482   5.2334 321.1396 9080677 160.2477 316.4159  0.35512421  9265
MMS 2                   
1 40483U 15011B   18240.32660782 -.00000850  00000-0  00000+0 0  9999
2 40483   5.4910 320.2702 9077763 160.8168 314.4871  0.35523697  9204
MMS 3                   
1 40484U 15011C   18246.80007785 -.00000969  00000-0  00000+0 0  9998
2 40484   5.2245 321.2570 9078631 160.1670  61.9585  0.35516092  9223
MMS 4                   
1 40485U 15011D   18239.98599537 -.00000863  00000-0  00000+0 0  9994
2 40485   5.5149 320.1167 9079456 160.9734 270.8795  0.35530260  9198
TDRS 13                 
1 42915U 17047A   18246.10522746 -.00000294  00000-0  00000+0 0  9993
2 42915   6.5350 331.1643 0026384   8.3719 351.7254  1.00268230  3860
JPSS-1                  
1 43013U 17073A   18247.51365660 -.00000002  00000-0  19658-4 0  9999
2 43013  98.7285 184.6659 0001335  68.0395 292.0923 14.19545864 41160
