TELKOM 4 (MERAH PUTIH)  
1 43587U 18064A   18246.74775118 -.00000358  00000-0  00000+0 0  9993
2 43587   0.0539 273.9180 0001664 258.2608 187.8318  1.00270572   363
FALCON 9 R/B            
1 43588U 18064B   18245.98582787  .00023704 -62695-7  52498-3 0  9994
2 43588  27.0291 214.1305 6904866 198.6394 111.7072  2.82135757   768
UITMSAT-1               
1 43589U 98067PD  18246.70893455  .00007723  00000-0  11993-3 0  9996
2 43589  51.6403 347.2355 0005950 153.4882 206.6415 15.55006262  3840
MAYA-1                  
1 43590U 98067PE  18247.47966928  .00007988  00000-0  12360-3 0  9991
2 43590  51.6406 343.3829 0006025 157.1756 202.9504 15.55047039  3893
BHUTAN-1                
1 43591U 98067PF  18246.64366018  .00007589  00000-0  11769-3 0  9993
2 43591  51.6405 347.5497 0006164 155.5649 204.5635 15.55070921  3762
SIRIUSSAT 1             
1 43595U 98067PG  18246.84408761  .00006687  00000-0  10612-3 0  9995
2 43595  51.6405 346.6341 0003917 103.5468 256.5959 15.54662071  2979
SIRIUSSAT 2             
1 43596U 98067PH  18246.78145153  .00006863  00000-0  10925-3 0  9995
2 43596  51.6413 346.9680 0004574 107.8237 252.3253 15.54527632  2962
1998-067PJ              
1 43597U 98067PJ  18246.84546246  .00007700  00000-0  12145-3 0  9998
2 43597  51.6395 346.6430 0003852 119.6657 240.4717 15.54582267  2976
1998-067PK              
1 43598U 98067PK  18247.10328128  .00008598  00000-0  13495-3 0  9991
2 43598  51.6398 345.3655 0004074 118.9925 241.1475 15.54541099  3015
AEOLUS                  
1 43600U 18066A   18246.00225980 -.00000133  00000-0  00000+0 0  9998
2 43600  96.7320 252.0652 0003278 247.1858 113.0762 15.85170584  1756
BEIDOU-3 M11            
1 43602U 18067A   18246.75987899  .00000046  00000-0  00000+0 0  9999
2 43602  55.0012 278.0450 0116190 177.1755  29.6364  1.82874853   171
BEIDOU-3 M12            
1 43603U 18067B   18246.62944059  .00000045  00000-0  00000-0 0  9997
2 43603  55.0231 278.0407 0003416 293.2728 254.0954  1.86233863   187
CZ-3B R/B               
1 43604U 18067C   18242.38329786  .00063930 -98614-7  10060-2 0  9998
2 43604  55.0439 275.3306 5841736 172.2303 203.1466  4.38273236   249
YZ-1 R/B                
1 43605U 18067D   18246.65766668  .00000030  00000-0  00000+0 0  9993
2 43605  54.7348 277.8678 0035757 357.6433   2.4005  1.78799741   165
