NOAA 15                 
1 25338U 98030A   18231.69759090  .00000025  00000-0  29259-4 0  9999
2 25338  98.7680 248.1671 0011312  47.6771 312.5365 14.25871250 54065
NOAA 18                 
1 28654U 05018A   18231.65117887 -.00000030  00000-0  91496-5 0  9995
2 28654  99.1405 268.3800 0013459 312.1796  47.8231 14.12382686682735
METOP-A                 
1 29499U 06044A   18232.23499882 -.00000022  00000-0  98233-5 0  9993
2 29499  98.6215 288.2587 0001701  63.4491   8.1978 14.21528948614099
NOAA 19                 
1 33591U 09005A   18231.68899653  .00000060  00000-0  57595-4 0  9995
2 33591  99.1471 210.9937 0014511 145.0128 215.1999 14.12301407491135
METOP-B                 
1 38771U 12049A   18231.58538602 -.00000020  00000-0  10491-4 0  9996
2 38771  98.6669 289.8858 0002319  97.2860  33.4488 14.21510372307148
SARAL                   
1 39086U 13009A   18232.18544225 -.00000001  00000-0  15734-4 0  9992
2 39086  98.5415  58.0704 0002241  77.7371 282.4063 14.32020693286501
