BEIDOU G1               
1 36287U 10001A   18231.86911953 -.00000302  00000-0  00000+0 0  9990
2 36287   1.4703   6.5307 0004479 152.4291 262.1246  1.00270378 31513
BEIDOU G3               
1 36590U 10024A   18231.02659703 -.00000375  00000-0  00000+0 0  9992
2 36590   1.3813  22.2545 0004979 327.6524  97.5318  1.00269558 30113
BEIDOU IGSO 1           
1 36828U 10036A   18232.19100811 -.00000132  00000-0  10000-3 0  9995
2 36828  54.1568 189.3235 0072793 233.3457  90.2784  1.00301506 29551
BEIDOU G4               
1 37210U 10057A   18231.82611873 -.00000131  00000-0  00000+0 0  9992
2 37210   0.9889  57.5102 0002723 188.4386 179.5949  1.00272252 28624
BEIDOU IGSO 2           
1 37256U 10068A   18231.86269713 -.00000222  00000-0  10000-3 0  9996
2 37256  52.5381 306.2404 0067143 202.3670 248.6957  1.00258428 28145
BEIDOU IGSO 3           
1 37384U 11013A   18232.18498149 -.00000172  00000-0  10000-3 0  9996
2 37384  58.3782  68.4596 0035815 201.5294 244.5230  1.00287701 27020
BEIDOU IGSO 4           
1 37763U 11038A   18232.18016899 -.00000073  00000-0  10000-3 0  9992
2 37763  54.4534 191.7231 0056392 222.2957  75.1159  1.00268401 25985
BEIDOU IGSO 5           
1 37948U 11073A   18231.80649029 -.00000164  00000-0  10000-3 0  9992
2 37948  52.6110 305.7494 0057516 207.1368 201.0248  1.00279647 24741
BEIDOU G5               
1 38091U 12008A   18232.16491008  .00000039  00000-0  00000+0 0  9998
2 38091   1.5401  64.2925 0002714 296.8335  85.3115  1.00273731 23824
BEIDOU M3               
1 38250U 12018A   18231.99664661 -.00000064  00000-0  10000-3 0  9997
2 38250  56.4959  39.8141 0022902 228.7882 150.7160  1.86234312 43069
BEIDOU M4               
1 38251U 12018B   18231.46314222 -.00000066  00000-0  10000-3 0  9997
2 38251  56.4295  39.2406 0025168 222.9239 206.0595  1.86233655 43055
BEIDOU M6               
1 38775U 12050B   18231.87707735 -.00000041  00000-0  00000+0 0  9992
2 38775  54.8928 158.8201 0022286 244.9231 298.9659  1.86233150 40436
BEIDOU G6               
1 38953U 12059A   18217.55929616 -.00000180  00000-0  00000-0 0  9997
2 38953   1.9596  81.1239 0001650  90.8531  67.2982  1.00268404 21240
BEIDOU I1-S             
1 40549U 15019A   18231.49778286 -.00000197  00000-0  00000+0 0  9991
2 40549  53.9415 328.8767 0043781 186.6435  87.3492  1.00259894 12417
BEIDOU-3 M1             
1 40748U 15037A   18231.57159166 -.00000069  00000-0  00000+0 0  9999
2 40748  55.7015  38.9415 0004783 265.9591 144.6866  1.86231268 20887
BEIDOU-3 M2             
1 40749U 15037B   18231.85503060 -.00000068  00000-0  00000+0 0  9996
2 40749  55.7021  38.9204 0005618 291.1208  87.2297  1.86232341 20888
BEIDOU I2-S             
1 40938U 15053A   18231.42595378 -.00000129  00000-0  00000-0 0  9999
2 40938  53.6009 291.8275 0049139 177.3316 106.4311  1.00290968 10694
BEIDOU M3-S             
1 41315U 16006A   18231.26811954 -.00000034  00000-0  00000-0 0  9996
2 41315  55.0760 159.1409 0003192 329.3366  30.6377  1.86230597 17358
BEIDOU IGSO 6           
1 41434U 16021A   18232.24510296 -.00000139  00000-0  00000+0 0  9994
2 41434  56.1158  67.7011 0032197 184.5971 261.3863  1.00264887  8837
BEIDOU G7               
1 41586U 16037A   18230.69006091 -.00000267  00000-0  00000-0 0  9992
2 41586   0.7435 357.8175 0001206 220.5135 141.6490  1.00273052  8124
BEIDOU-3 M1             
1 43001U 17069A   18231.77832644 -.00000041  00000-0  00000+0 0  9992
2 43001  55.0482 158.6371 0011388 283.8930 326.2592  1.86232001  5365
BEIDOU-3 M2             
1 43002U 17069B   18231.17032301 -.00000034  00000-0  00000+0 0  9991
2 43002  55.0464 158.6914 0010951 301.4366 305.7712  1.86231569  5346
BEIDOU-3 M3             
1 43107U 18003A   18231.56715631 -.00000069  00000-0  00000+0 0  9991
2 43107  55.1157  40.5060 0004458  31.2111 287.5519  1.86232918  4119
BEIDOU-3 M4             
1 43108U 18003B   18231.53476800 -.00000069  00000-0  00000+0 0  9991
2 43108  55.1103  40.5014 0003090 213.3470 128.7092  1.86232768  4117
BEIDOU-3 M5             
1 43207U 18018A   18230.39833045 -.00000023  00000-0  00000+0 0  9998
2 43207  55.0087 158.8463 0008683 315.7953  44.1267  1.86231812  3487
BEIDOU-3 M6             
1 43208U 18018B   18231.53903990 -.00000038  00000-0  00000+0 0  9999
2 43208  55.0086 158.8129 0010009 294.1732  65.7118  1.86231718  3508
BEIDOU-3 M7             
1 43245U 18029A   18231.01313093 -.00000073  00000-0  00000+0 0  9993
2 43245  55.0871  38.3556 0000311 103.7450 113.3305  1.86232933  2646
BEIDOU-3 M8             
1 43246U 18029B   18231.42353877 -.00000072  00000-0  10000-3 0  9997
2 43246  55.0846  38.3754 0003755 331.1470 206.3922  1.86233151  2644
