CUTE-1 (CO-55)          
1 27844U 03031E   18231.49080553  .00000038  00000-0  36724-4 0  9998
2 27844  98.6871 239.2136 0009673 181.4465 178.6686 14.22128188785151
CUBESAT XI-IV (CO-57)   
1 27848U 03031J   18231.67891570  .00000030  00000-0  33673-4 0  9993
2 27848  98.6956 239.8178 0009362 191.6890 168.4072 14.21730587785080
CUBESAT XI 5            
1 28895U 05043F   18231.37939615  .00000121  00000-0  31998-4 0  9990
2 28895  97.9175  20.3051 0015816 226.3451 133.6441 14.63571399683116
CUTE-1.7+APD II (CO-65) 
1 32785U 08021C   18232.19408169  .00000183  00000-0  25458-4 0  9990
2 32785  97.5471 241.3164 0013027 179.2973 180.8265 14.88159620558699
AAUSAT-II               
1 32788U 08021F   18232.03367394  .00000372  00000-0  39526-4 0  9991
2 32788  97.5191 255.8710 0013118 129.6241 230.6140 14.94420100559717
DELFI-C3 (DO-64)        
1 32789U 08021G   18231.22605503  .00001582  00000-0  11180-3 0  9998
2 32789  97.5073 284.4265 0014047  84.6277 275.6553 15.06227151561277
SEEDS II (CO-66)        
1 32791U 08021J   18231.84240969  .00000298  00000-0  35753-4 0  9996
2 32791  97.5351 246.4803 0013905 160.1527 200.0235 14.90606332558993
SWISSCUBE               
1 35932U 09051B   18231.99624822  .00000123  00000-0  38798-4 0  9999
2 35932  98.5537  24.7192 0007959  23.4100 336.7457 14.56185258472728
BEESAT                  
1 35933U 09051C   18232.01899888  .00000087  00000-0  30550-4 0  9997
2 35933  98.5574  26.3305 0006461  37.8145 322.3504 14.56286274472835
ITUPSAT 1               
1 35935U 09051E   18232.10989352  .00000089  00000-0  31574-4 0  9994
2 35935  98.5688  26.6751 0008660  30.7657 329.4046 14.55460815472624
M-CUBED & EXP-1 PRIME   
1 37855U 11061F   18231.51698637  .00000557  00000-0  36713-4 0  9998
2 37855 101.7143 326.4422 0175899 254.7356 103.4351 15.04583937370700
STRAND-1                
1 39090U 13009E   18232.18705656  .00000034  00000-0  27224-4 0  9996
2 39090  98.5167  77.7209 0010368 105.1963 255.0370 14.35037091287006
AIST-2 (RS-43)          
1 39133U 13015D   18232.19100878  .00000115  00000-0  20537-4 0  9997
2 39133  64.8745   9.4402 0015822 214.7809 145.2278 15.04588276292832
SOMP                    
1 39134U 13015E   18232.18308160  .00000938  00000-0  53600-4 0  9991
2 39134  64.8629 279.8699 0005827 227.3870 132.6766 15.19325871294624
BEESAT-3                
1 39135U 13015F   18231.65138142  .00000888  00000-0  54835-4 0  9999
2 39135  64.8694 295.7772 0018359 233.4084 126.5353 15.16808553294270
BEESAT-2                
1 39136U 13015G   18231.57760569  .00000593  00000-0  40514-4 0  9997
2 39136  64.8697 298.9708 0016988 235.5746 124.3774 15.16267671293814
NEE-01 PEGASUS          
1 39151U 13018B   18232.19534894  .00000117  00000-0  22456-4 0  9993
2 39151  97.9760 325.8144 0018530 101.0078 259.3219 14.79928659286984
ESTCUBE 1               
1 39161U 13021C   18232.19308443  .00000127  00000-0  28080-4 0  9997
2 39161  98.0069 317.0784 0008750 207.8261 152.2470 14.72092452283864
POPACS 1                
1 39268U 13055D   18232.16397118  .00004285  00000-0  11918-3 0  9996
2 39268  81.0021 279.1656 0635965  37.7862 326.6246 14.34810942253628
POPACS 2                
1 39269U 13055E   18231.51495238  .00002858  00000-0  81207-4 0  9990
2 39269  81.0161 303.0951 0691373  99.9364 268.0518 14.22468795250924
POPACS 3                
1 39270U 13055F   18231.54861367  .00001901  00000-0  58002-4 0  9990
2 39270  81.0187 316.0422 0719372 138.0136 227.8558 14.14867010251318
ZACUBE-1 (TSHEPISOSAT)  
1 39417U 13066B   18231.62346583  .00000141  00000-0  24405-4 0  9997
2 39417  97.5841 256.8632 0057799 308.3762  51.2266 14.80965613256185
WNISAT-1                
1 39423U 13066H   18232.11466247  .00000070  00000-0  23376-4 0  9996
2 39423  97.7321 191.2841 0175259 177.3985 182.8166 14.52970031251515
GOMX 1                  
1 39430U 13066Q   18232.14884400  .00000159  00000-0  37460-4 0  9999
2 39430  97.7029 204.4366 0152613 128.2809 233.2234 14.59110015252485
CUBEBUG-2 (LO-74)       
1 39440U 13066AA  18231.47166387  .00000188  00000-0  33337-4 0  9993
2 39440  97.6008 242.9453 0080199 351.1582   8.8210 14.75706081255250
NEE-02 KRYSAOR          
1 39441U 13066AB  18232.00314475  .00000112  00000-0  23108-4 0  9999
2 39441  97.6015 241.5600 0081763 354.8184   5.2171 14.74801661255182
FUNCUBE-1 (AO-73)       
1 39444U 13066AE  18231.51826018  .00000211  00000-0  32553-4 0  9992
2 39444  97.5848 258.3687 0056853 303.7384  55.8420 14.81755751255034
UWE-3                   
1 39446U 13066AG  18231.04749100  .00000167  00000-0  29083-4 0  9992
2 39446  97.5909 249.0145 0069412 331.9523  27.7955 14.78240395254403
BRITE-TORONTO           
1 40020U 14033L   18232.15200874  .00000023  00000-0  12230-4 0  9997
2 40020  97.7790  87.1996 0088583  41.8533 318.9401 14.66512023222960
DUCHIFAT-1              
1 40021U 14033M   18232.17723470  .00000368  00000-0  43732-4 0  9995
2 40021  97.9134 151.0077 0012402 334.3802  25.6800 14.90362370226483
NANOSATC-BR1            
1 40024U 14033Q   18231.57840406  .00000334  00000-0  40878-4 0  9991
2 40024  97.9063 148.5234 0011811 339.1492  20.9242 14.89617857225796
QB50P1                  
1 40025U 14033R   18231.59574321  .00000229  00000-0  30543-4 0  9995
2 40025  97.9016 146.8568 0012101 343.5290  16.5532 14.88754902225711
QB50P2                  
1 40032U 14033Y   18231.83977094  .00000227  00000-0  30557-4 0  9997
2 40032  97.8966 145.7152 0011389 338.7109  21.3632 14.88298440226199
PERSEUS-M2              
1 40037U 14033AD  18231.83358364  .00000052  00000-0  12204-4 0  9990
2 40037  97.8947 143.0436 0014076 347.0581  13.0271 14.86375653225985
PERSEUS-M1              
1 40039U 14033AF  18231.80742967  .00000079  00000-0  15315-4 0  9990
2 40039  97.8943 142.3389 0013861 343.9620  16.1155 14.85997083225927
POLYITAN-1              
1 40042U 14033AJ  18232.20354387  .00000252  00000-0  33199-4 0  9997
2 40042  97.9093 147.6207 0014033 329.2651  30.7742 14.88440979226237
TIGRISAT                
1 40043U 14033AK  18232.17858439  .00000100  00000-0  22363-4 0  9994
2 40043  97.7995 107.1289 0060025 354.1258   5.9240 14.74164447224031
AEROCUBE 6A             
1 40045U 14033AM  18231.59385579  .00000213  00000-0  38268-4 0  9997
2 40045  97.8174 109.0965 0058156 350.2095   9.7976 14.75190357223872
AEROCUBE 6B             
1 40046U 14033AN  18231.59547883  .00000222  00000-0  39594-4 0  9999
2 40046  97.8135 108.9221 0057192 349.4783  10.5225 14.75178930223630
UKUBE-1                 
1 40074U 14037F   18232.21392017  .00000231  00000-0  35053-4 0  9997
2 40074  98.3953  12.7391 0005455 104.6865 255.4962 14.83842996222795
BRITE-PL 2              
1 40119U 14049B   18231.23917949  .00000092  00000-0  17430-4 0  9992
2 40119  97.9176 319.3789 0018642 129.3732 230.9137 14.84312084216654
FIREBIRD 4              
1 40378U 15003C   18232.20771726  .00002697  00000-0  11217-3 0  9998
2 40378  99.0810 146.6965 0131346  18.1050 342.4791 15.17469865196032
GRIFEX                  
1 40379U 15003D   18232.16784490  .00002044  00000-0  92000-4 0  9992
2 40379  99.0828 142.4705 0138665  31.7435 329.2059 15.14509129195783
EXOCUBE                 
1 40380U 15003E   18231.57015070  .00001568  00000-0  74604-4 0  9999
2 40380  99.0875 139.4581 0143335  41.4334 319.7655 15.12676209195521
TIANWANG 1C (TW-1C)     
1 40926U 15051B   18232.06765041  .00009135  00000-0  16445-3 0  9999
2 40926  97.1782 274.1310 0010750  50.6828   4.9491 15.49975468163204
TIANWANG 1A (TW-1A)     
1 40928U 15051D   18232.05449694  .00003041  00000-0  80607-4 0  9995
2 40928  97.1816 264.7758 0013680  90.0668 324.3203 15.39007413162608
EXACTVIEW 9             
1 40936U 15052G   18232.05890267  .00000766  00000-0  18204-4 0  9996
2 40936   6.0075  58.5865 0010779 184.1337 175.8702 14.76405364156428
ATHENOXAT 1             
1 41168U 15077C   18232.20902586  .00001717  00000-0  56921-4 0  9991
2 41168  14.9868 271.6866 0011856 210.1383  43.4497 15.12907081148089
GALASSIA                
1 41170U 15077E   18231.43431650  .00001688  00000-0  54516-4 0  9992
2 41170  14.9883 271.6520 0013109 220.8063 139.1276 15.13278283148020
VELOX 2                 
1 41171U 15077F   18231.56156229  .00001368  00000-0  41142-4 0  9999
2 41171  14.9913 294.3272 0008919 157.8617 202.2089 15.10738908147832
HORYU-IV                
1 41340U 16012D   18231.42806329  .00000428  00000-0  26010-4 0  9998
2 41340  31.0044 264.5170 0014094   0.5451 359.5198 15.01032684137409
E-ST@R-II               
1 41459U 16025D   18232.15940953  .00000442  00000-0  27852-4 0  9997
2 41459  98.1321 298.2323 0168694 294.2623  64.1067 15.04569496127047
AAUSAT 4                
1 41460U 16025E   18232.07541758  .00000704  00000-0  40796-4 0  9993
2 41460  98.1247 298.7512 0160647 290.0108  68.3890 15.06065513127103
DIWATA-1                
1 41463U 98067HT  18231.99664647  .00012658  00000-0  10093-3 0  9992
2 41463  51.6391   6.3677 0001167  29.8723  77.6438 15.71581557132039
BEESAT-4                
1 41619U 16040W   18231.83295199  .00001249  00000-0  57225-4 0  9994
2 41619  97.4101 294.0875 0011858  15.9025 344.2581 15.22286025107777
CANX-7                  
1 41788U 16059F   18232.17265564  .00004480  00000-0  74774-3 0  9999
2 41788  98.2159 299.0807 0027327 243.9655 115.8743 14.70203360101506
ALSAT 1N                
1 41789U 16059G   18232.12828947  .00000063  00000-0  21090-4 0  9992
2 41789  98.1137 293.9912 0027063 245.7184 114.1207 14.64172780101372
RAVAN                   
1 41849U 16067B   18232.21352554  .00000847  00000-0  77156-4 0  9998
2 41849  97.9267 321.9175 0007115 320.4472  39.6229 14.97870912 96714
CELTEE 1                
1 41850U 16067C   18232.20025649  .00000744  00000-0  70213-4 0  9994
2 41850  97.9240 321.2431 0007444 318.9022  41.1638 14.96849954 96671
OPTICUBE 04             
1 41851U 16067D   18232.23879082 -.00000093  00000-0 -28322-5 0  9990
2 41851  97.9228 321.1791 0008030 318.0207  42.0397 14.96690609 96677
AEROCUBE 8D             
1 41852U 16067E   18232.21598748  .00000000  00000-0  53486-5 0  9991
2 41852  97.9250 320.9936 0008638 319.8589  40.1993 14.96534137 96659
AEROCUBE 8C             
1 41853U 16067F   18232.23167090 -.00000233  00000-0 -15189-4 0  9993
2 41853  97.9243 320.9681 0009185 319.0955  40.9576 14.96493517 96657
PROMETHEUS 2-1          
1 41854U 16067G   18232.23326077 -.00000033  00000-0  24553-5 0  9999
2 41854  97.9249 320.9950 0009473 318.1872  41.8624 14.96615239 96652
PROMETHEUS 2-3          
1 41855U 16067H   18232.23597515  .00000065  00000-0  11068-4 0  9997
2 41855  97.9249 321.0036 0009626 318.2489  41.7997 14.96612887 96653
ITF-2                   
1 41932U 98067KU  18231.48990034  .00041310  00000-0  21412-3 0  9993
2 41932  51.6314  13.6056 0002133  75.5346 284.5892 15.80598844 90763
WASEDA-SAT3             
1 41933U 98067KV  18231.74040177  .00104497  15288-4  30909-3 0  9992
2 41933  51.6317   0.7991 0002887 344.0718  16.0198 15.92471998 90956
AOBA-VELOX 3            
1 41935U 98067KX  18231.48911806  .00068353  00000-0  25700-3 0  9996
2 41935  51.6340   6.7702 0001521  19.2882 340.8180 15.87167770 90950
INS-1B                  
1 41954U 17008G   18231.25954270  .00001284  00000-0  57295-4 0  9995
2 41954  97.4412 294.6837 0010817 126.5079 233.7156 15.23155548 83601
BGUSAT                  
1 41999U 17008BD  18231.82152006  .00001986  00000-0  82850-4 0  9998
2 41999  97.4459 296.4945 0009686 139.1396 221.0570 15.24825107 83128
DIDO-2                  
1 42000U 17008BE  18232.17956458  .00000902  00000-0  40959-4 0  9995
2 42000  97.4428 296.0584 0009733 139.5677 220.6284 15.23310588 83142
PEASSS                  
1 42015U 17008BV  18231.86087389  .00001092  00000-0  47821-4 0  9990
2 42015  97.4427 296.2765 0007481 144.2752 215.8987 15.24141946 83614
AL-FARABI 1             
1 42016U 17008BW  18232.16368379  .00001366  00000-0  58311-4 0  9996
2 42016  97.4436 296.8233 0007390 143.2223 216.9523 15.24590072 83797
NAYIF-1 (EO-88)         
1 42017U 17008BX  18231.43494791  .00001407  00000-0  59949-4 0  9998
2 42017  97.4434 296.1065 0007317 145.6317 214.5396 15.24613214 83708
HAVELSAT                
1 42700U 98067LH  18231.81147073  .00031315  00000-0  21343-3 0  9998
2 42700  51.6348  28.5953 0002910 137.8544 222.2680 15.74568392 72032
CXBN-2                  
1 42704U 98067LM  18231.85091327  .00031639  00000-0  22003-3 0  9999
2 42704  51.6353  29.6339 0001170  53.7002 306.4105 15.74096111 71945
ICECUBE                 
1 42705U 98067LN  18231.85408247  .00118941  00000-0  39820-3 0  9990
2 42705  51.6463  16.2094 0002268 357.6648   2.4347 15.89290665 72183
PHOENIX                 
1 42706U 98067LP  18231.99823589  .00022166  00000-0  17320-3 0  9990
2 42706  51.6354  30.6234 0000972  68.3656 291.7446 15.71564537 71932
X-CUBESAT               
1 42707U 98067LQ  18231.89071974  .00035524  00000-0  23236-3 0  9998
2 42707  51.6323  27.5295 0000668  62.5066 297.6002 15.75454489 71957
QBEE50-LTU-OC           
1 42708U 98067LR  18231.87746517  .00031595  00000-0  21751-3 0  9993
2 42708  51.6356  29.0404 0000521  59.2772 300.8278 15.74332135 71895
ALTAIR PATHFINDER       
1 42711U 98067LS  18232.10436597  .00012770  00000-0  12800-3 0  9997
2 42711  51.6364  39.6211 0003590  65.6474 294.4896 15.65927233 71488
SHARC                   
1 42712U 98067LT  18232.02755558  .00025377  00000-0  23940-3 0  9994
2 42712  51.6373  41.4254 0001940  76.9729 283.1483 15.66877279 71697
ZA-AEROSAT              
1 42713U 98067LU  18231.82871513  .00020283  00000-0  16880-3 0  9998
2 42713  51.6350  34.7317 0001859  55.6453 304.4720 15.70110570 71527
LINK                    
1 42714U 98067LV  18231.86942204  .00135710  17983-4  41660-3 0  9997
2 42714  51.6214  15.1066 0004415 320.5390  39.5294 15.91603278 71893
CSUNSAT 1               
1 42715U 98067LW  18232.07216243  .00023102  00000-0  18445-3 0  9993
2 42715  51.6355  32.6283 0003051  55.7530 304.3756 15.71016443 71574
SPACECUBE               
1 42717U 98067LY  18231.90910201  .00032757  00000-0  22715-3 0  9992
2 42717  51.6326  29.2071 0001821 134.8367 225.2780 15.74144345 70978
HOOPOE                  
1 42718U 98067LZ  18231.99995176  .00043353  00000-0  25087-3 0  9995
2 42718  51.6301  24.5374 0000988 122.0629 238.0468 15.78140281 71042
NJUST-1                 
1 42722U 98067MB  18232.05782854  .00018695  00000-0  16294-3 0  9996
2 42722  51.6357  35.5433 0004796 113.6728 246.4773 15.69039533 70603
UNSW-ECO                
1 42723U 98067MC  18232.02385400  .00052463  00000-0  28486-3 0  9997
2 42723  51.6388  24.0208 0002122 124.2003 235.9199 15.79471967 70737
LILACSAT-1              
1 42725U 98067ME  18231.98428747  .00025877  00000-0  19543-3 0  9998
2 42725  51.6358  32.0322 0003416 116.8256 243.3092 15.72269195 70541
NSIGHT-1                
1 42726U 98067MF  18231.97236502  .00010517  00000-0  12176-3 0  9994
2 42726  51.6390  45.5709 0005439 112.2092 247.9479 15.62454495 70379
SNUSAT-1                
1 42727U 98067MG  18231.55228662  .00026279  00000-0  19870-3 0  9997
2 42727  51.6333  34.3286 0004874  78.2943 281.8602 15.72225269 70440
I-INSPIRE II            
1 42731U 98067ML  18231.79930841  .00057999  00000-0  30132-3 0  9994
2 42731  51.6357  23.9220 0002838  39.3393 320.7814 15.80399036 70494
POLYITAN-2-SAU          
1 42732U 98067MM  18231.90538650  .00037809  00000-0  24986-3 0  9998
2 42732  51.6343  28.4367 0003929  62.1089 298.0308 15.75180793 70442
SNUSAT-1B               
1 42733U 98067MN  18231.87189822  .00029136  00000-0  21100-3 0  9997
2 42733  51.6347  31.2435 0004339  68.3512 291.7948 15.73186361 70401
EXALTA-1                
1 42734U 98067MP  18231.87045816  .00061473  00000-0  30214-3 0  9998
2 42734  51.6278  22.8070 0002552  88.9423 271.1872 15.81582279 70461
BEEAGLESAT              
1 42736U 98067MR  18231.99753244  .00025180  00000-0  19778-3 0  9991
2 42736  51.6342  32.8393 0004566 112.2322 247.9160 15.71346173 70450
UCLSAT                  
1 42765U 17036A   18231.45895752  .00001142  00000-0  53024-4 0  9997
2 42765  97.3957 290.2750 0010956 207.2914 152.7748 15.21987641 64331
LITUANICASAT-2          
1 42768U 17036D   18231.60009206  .00001813  00000-0  83251-4 0  9998
2 42768  97.3976 289.9871 0015163 198.1095 161.9603 15.21589981 64200
AALTO-1                 
1 42775U 17036L   18231.72452870  .00000706  00000-0  35028-4 0  9997
2 42775  97.3949 289.9116 0013707 195.5985 164.4830 15.20840871 64152
URSA MAIOR              
1 42776U 17036M   18231.24709733  .00000800  00000-0  39220-4 0  9991
2 42776  97.3957 289.5075 0013498 197.4370 162.6404 15.20927822 64089
COMPASS 2               
1 42777U 17036N   18231.85739680  .00001467  00000-0  67384-4 0  9995
2 42777  97.3980 290.6022 0012388 197.5309 162.5501 15.21911968 64195
DIAMOND RED             
1 42783U 17036U   18231.60614811  .00000901  00000-0  42978-4 0  9997
2 42783  97.3958 290.2387 0011581 207.1924 152.8707 15.21575390 64153
PEGASUS                 
1 42784U 17036V   18232.16196448  .00001008  00000-0  47411-4 0  9997
2 42784  97.3960 290.8763 0011558 205.1482 154.9193 15.21792747 64241
DIAMOND GREEN           
1 42785U 17036W   18231.60492773  .00000877  00000-0  41900-4 0  9996
2 42785  97.3961 290.2526 0011459 207.8156 152.2469 15.21577672 64224
DIAMOND BLUE            
1 42786U 17036X   18231.73562741  .00000858  00000-0  41077-4 0  9998
2 42786  97.3960 290.3809 0011303 207.5103 152.5536 15.21576865 64160
NUDTSAT                 
1 42787U 17036Y   18231.59475471  .00001562  00000-0  70522-4 0  9996
2 42787  97.3969 290.5839 0011071 206.2141 153.8536 15.22424282 64019
SUCHAI                  
1 42788U 17036Z   18231.58152532  .00001208  00000-0  55753-4 0  9992
2 42788  97.3962 290.4317 0011115 206.7504 153.3161 15.22081643 64233
SKCUBE                  
1 42789U 17036AA  18231.12250870  .00001099  00000-0  51099-4 0  9994
2 42789  97.3960 289.9691 0010915 208.3950 151.6693 15.22033633 64080
VZLUSAT-1               
1 42790U 17036AB  18231.58327822  .00001508  00000-0  68168-4 0  9998
2 42790  97.3966 290.5797 0010624 206.3098 153.7600 15.22440416 64162
ROBUSTA-1B              
1 42792U 17036AD  18231.61105333  .00001212  00000-0  55779-4 0  9991
2 42792  97.3959 290.5249 0010507 207.3132 152.7553 15.22184906 64174
CICERO 6                
1 42793U 17036AE  18231.61284884  .00000893  00000-0  42147-4 0  9990
2 42793  97.3951 290.4994 0009629 208.2156 151.8560 15.21986170 64240
D-SAT                   
1 42794U 17036AF  18232.13940692  .00000243  00000-0  26399-4 0  9995
2 42794  97.5860 284.3606 0128471  69.7352 291.7623 14.90911182 63259
TOKI                    
1 42820U 98067MU  18231.85072961  .00022947  00000-0  18837-3 0  9993
2 42820  51.6345  36.3726 0002250  43.8148 316.3028 15.70353947 63855
MAZAALAI (NUMSAT-1)     
1 42822U 98067MW  18231.89704441  .00022409  00000-0  18675-3 0  9997
2 42822  51.6351  36.6905 0002288  50.1242 309.9957 15.70004868 63835
BRAC ONNESHA            
1 42823U 98067MX  18231.50647376  .00023615  00000-0  19541-3 0  9992
2 42823  51.6355  38.6032 0004282  71.8386 288.3077 15.70135592 63773
NIGERIAEDUSAT-1         
1 42824U 98067MY  18231.85831893  .00022764  00000-0  19050-3 0  9999
2 42824  51.6359  37.2237 0004237  71.9468 288.1991 15.69887412 63813
CORVUS BC2              
1 42846U 17042X   18232.19430035  .00000230  00000-0  28065-4 0  9999
2 42846  97.5905 132.7371 0009404 353.0186   7.0901 14.91844092 59911
CORVUS BC1              
1 42847U 17042Y   18231.49705280  .00000036  00000-0  88791-5 0  9996
2 42847  97.5905 132.1244 0009109 355.2910   4.8222 14.91943231 59800
SILU-1 (SILKROAD 1)     
1 42903U 17021F   18232.08727495  .00028473  00000-0  19147-3 0  9996
2 42903  42.7776 300.3456 0013656  27.6780  46.6225 15.74464421 59990
MIRATA                  
1 43015U 17073C   18231.85525668  .00001548  00000-0  12603-3 0  9994
2 43015  97.7039 160.2031 0259333  64.3430 298.4324 14.78242619 40547
MAKERSAT 0              
1 43016U 17073D   18231.77250827  .00001019  00000-0  84343-4 0  9992
2 43016  97.7069 160.2634 0260692  64.6973 298.1000 14.78221733 40525
ASTERIA                 
1 43020U 98067NH  18231.95135531  .00010520  00000-0  13109-3 0  9991
2 43020  51.6420  53.7268 0002680  59.0166 301.1090 15.60527838 42446
DELLINGR (RBLE)         
1 43021U 98067NJ  18232.08361029  .00005838  00000-0  82109-4 0  9993
2 43021  51.6406  55.3228 0002539  53.1705 306.9520 15.58274715 42432
OSIRIS-3U               
1 43027U 98067NL  18232.09326855  .00030929  00000-0  28116-3 0  9994
2 43027  51.6374  46.3479 0002162  32.7310 327.3820 15.67680800 42433
AEROCUBE 7B             
1 43042U 17071F   18231.62501362  .00003118  00000-0  89071-4 0  9991
2 43042  51.6392  92.3859 0005599 130.7612 229.3859 15.39194358 39373
AEROCUBE 7C             
1 43043U 17071G   18231.56008448  .00003026  00000-0  86736-4 0  9995
2 43043  51.6395  92.7082 0005672 132.3607 227.7858 15.39192837 39330
CHEFSAT                 
1 43044U 17071H   18231.59272171  .00004287  00000-0  11452-3 0  9997
2 43044  51.6398  91.4577 0005715 130.9978 229.1501 15.40297467 39352
ASGARDIA 1              
1 43049U 17071N   18231.79522460  .00002442  00000-0  71654-4 0  9995
2 43049  51.6396  91.2870 0003005 145.5911 214.5268 15.39316854 39367
ISARA                   
1 43050U 17071P   18232.12081933  .00003802  00000-0  10329-3 0  9992
2 43050  51.6392  88.9760 0002960 142.0640 218.0553 15.40108620 39421
FAUNA                   
1 43052U 17071R   18231.58310455  .00002120  00000-0  63256-4 0  9997
2 43052  51.6394  92.1309 0002953 140.3913 219.7287 15.39466347 39330
CORVUS BC3              
1 43118U 18004H   18231.37624100  .00000731  00000-0  34814-4 0  9993
2 43118  97.5282 294.0766 0009356 228.0083 132.0357 15.22340822 33323
MICROMAS-2A             
1 43131U 18004W   18232.16529422  .00001572  00000-0  69903-4 0  9998
2 43131  97.5292 295.0393 0008532 227.2596 132.7923 15.22999398 33459
GOMX4-B                 
1 43196U 18015E   18231.58411752  .00000343  00000-0  17188-4 0  9995
2 43196  97.3540 359.2395 0017555 297.0982  62.8464 15.23712364 30185
GOMX4-A                 
1 43197U 18015F   18232.05613648  .00000438  00000-0  21142-4 0  9997
2 43197  97.3553 359.7091 0017895 296.0099 151.9389 15.23716381 30261
1KUNS-PF                
1 43466U 98067NP  18231.93842868  .00010439  00000-0  14936-3 0  9999
2 43466  51.6398  59.5954 0000445  82.4801 277.6242 15.56821038 15623
UBAKUSAT                
1 43467U 98067NQ  18231.88331523  .00007245  00000-0  10724-3 0  9997
2 43467  51.6403  59.9801 0002538  21.1420 338.9676 15.56445689 15624
BATSU-CS1 (IRAZU)       
1 43468U 98067NR  18231.54118902  .00012542  00000-0  17586-3 0  9994
2 43468  51.6395  61.4421 0000390 100.4995 259.6041 15.57155101115559
CUBERRT                 
1 43546U 98067NU  18232.10160310  .00010755  00000-0  16313-3 0  9995
2 43546  51.6445  59.9193 0007224  74.6142 285.5647 15.55170797  5777
TEMPEST-D               
1 43547U 98067NV  18231.84615431  .00003567  00000-0  59474-4 0  9994
2 43547  51.6425  61.2104 0007297  76.5555 283.6252 15.54903640  5415
HALOSAT                 
1 43549U 98067NX  18231.59059859  .00009370  00000-0  14424-3 0  9997
2 43549  51.6432  62.5036 0007022  86.4143 273.7644 15.54946617  5384
ENDUROSAT ONE           
1 43551U 98067NZ  18231.58443405  .00010396  00000-0  15757-3 0  9993
2 43551  51.6421  62.4643 0007727  89.6196 270.5711 15.55230234  5790
EQUISAT                 
1 43552U 98067PA  18231.58468560  .00008906  00000-0  13627-3 0  9991
2 43552  51.6413  62.4659 0007892  92.3108 267.8960 15.55179973  5760
AEROCUBE 12A            
1 43556U 18046C   18232.14221993  .00001893  00000-0  81780-4 0  9998
2 43556  51.6437  66.8466 0009176  70.6946 289.5025 15.27710094  5295
AEROCUBE 12B            
1 43557U 18046D   18231.55343286  .00001727  00000-0  75754-4 0  9993
2 43557  51.6435  69.6661 0009132  68.7590 291.4364 15.27703528  5154
UITMSAT-1               
1 43589U 98067PD  18231.54065612  .00008867  00000-0  13822-3 0  9991
2 43589  51.6398  62.9314 0006767 101.9462 258.2288 15.54678970  1487
MAYA-1                  
1 43590U 98067PE  18231.92616392  .00008654  00000-0  13490-3 0  9997
2 43590  51.6399  61.0060 0006851 104.1608 256.0145 15.54714095  1475
BHUTAN-1                
1 43591U 98067PF  18231.92593914  .00008711  00000-0  13556-3 0  9999
2 43591  51.6400  61.0048 0006957 105.2007 254.9754 15.54750198  1474
SIRIUSSAT 1             
1 43595U 98067PG  18231.95770126  .00008885  00000-0  14012-3 0  9998
2 43595  51.6398  60.8821 0004508  65.0491  91.8516 15.54359769   652
