BEIJING 1               
1 28890U 05043A   18232.08025171 -.00000014  00000-0  63610-5 0  9996
2 28890  97.9373  14.1105 0014213 237.1646 122.8167 14.61230093683057
HJ-1A                   
1 33320U 08041A   18232.11512111  .00000075  00000-0  17827-4 0  9994
2 33320  97.8833 293.3230 0027427  80.2516 280.1792 14.76947120536090
HJ-1B                   
1 33321U 08041B   18232.09673544  .00000119  00000-0  24000-4 0  9990
2 33321  97.8893 294.8737 0036094  96.9080 263.6244 14.77039820536082
YAOGAN 4                
1 33446U 08061A   18232.02347848  .00000064  00000-0  15886-4 0  9999
2 33446  97.6317 209.6991 0015633 352.1932   7.9033 14.76798187523318
DEIMOS-1                
1 35681U 09041A   18232.07850654  .00000134  00000-0  29126-4 0  9990
2 35681  97.9013 118.3587 0002734  59.6630 300.4857 14.71745176486224
UK-DMC 2                
1 35683U 09041C   18232.06073976 -.00000085  00000-0 -62617-5 0  9995
2 35683  97.7783  98.0424 0001716  91.7784 268.3632 14.71037907486058
RISAT 1                 
1 38248U 12017A   18225.66444272 -.00000069  00000-0 -38353-6 0  9994
2 38248  97.5703 233.0786 0005533  46.1138  89.5394 15.09573920346963
DMC3-FM1                
1 40715U 15032A   18232.08387699  .00000004  00000-0  84256-5 0  9998
2 40715  97.9979 127.7043 0014982 199.6484 160.4155 14.73697870167365
DMC3-FM2                
1 40716U 15032B   18232.03847603  .00000010  00000-0  93282-5 0  9996
2 40716  97.9996 127.8317 0012195 208.5521 151.5028 14.73673334167365
DMC3-FM3                
1 40717U 15032C   18232.06132922  .00000015  00000-0  10063-4 0  9991
2 40717  97.9986 128.5525 0016063 201.4780 158.5759 14.73694736167368
