SAUDISAT 1C             
1 27607U 02058C   18231.51750325 -.00000020  00000-0  18084-4 0  9998
2 27607  64.5536 256.4484 0071569 314.9105  44.6202 14.75471426842303
SAUDISAT 2              
1 28371U 04025F   18231.80221526  .00000146  00000-0  44778-4 0  9998
2 28371  98.1881 181.0033 0026710  93.6841 266.7430 14.54311069750139
SAUDISAT 3              
1 31118U 07012B   18232.03589490  .00000002  00000-0  82547-5 0  9991
2 31118  97.7711 208.6203 0015202 340.9868  19.0768 14.69106772607970
PISAT                   
1 41784U 16059B   18232.17723815  .00000073  00000-0  23316-4 0  9994
2 41784  98.1133 293.1423 0030703 252.5203 107.2642 14.63355895101314
FLYING LAPTOP           
1 42831U 17042G   18232.18565865  .00000146  00000-0  20196-4 0  9995
2 42831  97.5903 132.1388 0014031 353.8653   6.2392 14.90878911 59869
