PROBA-1                 
1 26958U 01049B   18232.05505216  .00000698  00000-0  65510-4 0  9998
2 26958  97.6223 190.7307 0072597 333.3125  26.4360 14.95271734915603
BIRD 2                  
1 26959U 01049C   18232.11990497  .00001318  00000-0  40197-4 0  9999
2 26959  97.8416 209.9011 0007243 310.9998  49.0617 15.35969398932138
CUTE-1 (CO-55)          
1 27844U 03031E   18231.49080553  .00000038  00000-0  36724-4 0  9998
2 27844  98.6871 239.2136 0009673 181.4465 178.6686 14.22128188785151
CUBESAT XI-IV (CO-57)   
1 27848U 03031J   18231.67891570  .00000030  00000-0  33673-4 0  9993
2 27848  98.6956 239.8178 0009362 191.6890 168.4072 14.21730587785080
GENESIS 1               
1 29252U 06029A   18231.81639595  .00000089  00000-0  14812-4 0  9995
2 29252  64.5065 324.8620 0047319 280.1520  79.4267 15.17391099666856
FALCONSAT-3             
1 30776U 07006E   18232.21906941  .00002156  00000-0  63943-4 0  9997
2 30776  35.4345 219.0411 0003807 253.0228 107.0081 15.34770563634165
GENESIS 2               
1 31789U 07028A   18231.80826834  .00000345  00000-0  27872-4 0  9991
2 31789  64.5049   4.4367 0023955 323.6814  36.2681 15.16622627613894
APRIZESAT 4             
1 35684U 09041D   18231.45480962  .00000033  00000-0  11906-4 0  9990
2 35684  98.1787 184.6474 0047727 157.5138 202.8179 14.79146162488436
APRIZESAT 3             
1 35686U 09041F   18231.54683011  .00000062  00000-0  13415-4 0  9991
2 35686  98.2692 254.1460 0074257  62.3086 298.5638 14.87228555490807
PROBA-2                 
1 36037U 09059B   18231.47225393 -.00000022  00000-0  54469-5 0  9990
2 36037  98.2415  62.8666 0014709  96.8525 263.4345 14.53045981466238
APRIZESAT 5             
1 37792U 11044E   18232.05070586  .00000056  00000-0  16361-4 0  9997
2 37792  98.3935  34.5424 0059377 126.4377 234.2326 14.75256218377099
APRIZESAT 6             
1 37793U 11044F   18231.37343168  .00000054  00000-0  17000-4 0  9990
2 37793  98.3478  14.6095 0047567 156.0950 226.1263 14.72326970376278
TET-1                   
1 38710U 12039D   18231.53331501  .00002301  00000-0  45988-4 0  9994
2 38710  97.5959 211.9744 0003377  95.0902 265.0733 15.47961381340455
STSAT-2C                
1 39068U 13003A   18232.17822127  .00035134 -48223-6  22048-3 0  9990
2 39068  80.1868 263.9550 0248024 103.2624 259.6407 15.44725491298124
PROBA-V                 
1 39159U 13021A   18232.07471404  .00000013  00000-0  24657-4 0  9999
2 39159  98.5530 301.9625 0003534 196.1606 163.9463 14.22964218274597
CUSAT 1                 
1 39266U 13055B   18232.18029652  .00003965  00000-0  10756-3 0  9994
2 39266  80.9846 280.1032 0647628  51.8977 313.8805 14.32860152253357
STPSAT-3                
1 39380U 13064A   18232.08983235  .00001133  00000-0  37646-4 0  9999
2 39380  40.5008 100.7505 0002023  28.0248 332.0674 15.36191784265723
APRIZESAT 7             
1 39416U 13066A   18232.13577754  .00000057  00000-0  13002-4 0  9996
2 39416  97.5790 267.0658 0039735 282.7905  76.8871 14.83821953256831
APRIZESAT 8             
1 39425U 13066K   18231.29624785  .00000031  00000-0  10458-4 0  9993
2 39425  97.5793 258.4587 0050703 305.3712  54.2769 14.81053661255998
BUGSAT-1 (TITA)         
1 40014U 14033E   18232.08487331 -.00000369  00000-0 -27669-4 0  9994
2 40014  97.9795 168.5840 0032079 346.1916  13.8428 14.95084679227280
SAUDISAT 4              
1 40016U 14033G   18231.72644764  .00000009  00000-0  87402-5 0  9992
2 40016  97.8053 110.6050 0048118 347.0018  12.9948 14.75198118224335
TABLETSAT-AURORA        
1 40017U 14033H   18232.20847583  .00000381  00000-0  42112-4 0  9992
2 40017  97.9569 162.1526 0023378 352.4984   7.5882 14.93139274226991
APRIZESAT 9             
1 40018U 14033J   18232.16692098 -.00000010  00000-0  63901-5 0  9997
2 40018  97.7831  96.3273 0072019  18.5935 341.7878 14.69885503223509
APRIZESAT 10            
1 40019U 14033K   18232.18591094  .00000030  00000-0  13384-4 0  9994
2 40019  97.7781  88.6617 0085266  38.0351 322.6833 14.66950641223116
AISAT                   
1 40054U 14034B   18231.74488986  .00000303  00000-0  50003-4 0  9992
2 40054  98.2066 343.2218 0014270 110.6805 249.5936 14.77529138222993
CANX-4                  
1 40055U 14034C   18232.19952878  .00000062  00000-0  17216-4 0  9990
2 40055  98.1970 339.0019 0015343 129.0264 231.2312 14.74744446222785
CANX-5                  
1 40056U 14034D   18231.52283826  .00000068  00000-0  18115-4 0  9992
2 40056  98.1971 338.3125 0015337 131.2257 229.0276 14.74742567222682
TDS 1                   
1 40076U 14037H   18231.95196829  .00000038  00000-0  12237-4 0  9996
2 40076  98.3763   6.0313 0006362 129.1566 231.0206 14.81428059222502
TIANTUO 2               
1 40144U 14053B   18232.08711986  .00000674  00000-0  22862-4 0  9993
2 40144  97.2962 314.7947 0011555 167.8600 312.6683 15.33939182220726
TECHNOSAT               
1 42829U 17042E   18232.19316794  .00000207  00000-0  26444-4 0  9998
2 42829  97.5898 132.1147 0014084 353.2969   6.8059 14.90848775 59865
FLYING LAPTOP           
1 42831U 17042G   18232.18565865  .00000146  00000-0  20196-4 0  9995
2 42831  97.5903 132.1388 0014031 353.8653   6.2392 14.90878911 59869
