COSMOS 2425 (716)       
1 29670U 06062A   18231.41759289 -.00000016  00000-0  10000-3 0  9990
2 29670  65.2482 290.4002 0020052 341.6934 359.0655  2.13104991 90652
COSMOS 2426 (717)       
1 29671U 06062B   18231.68671461 -.00000013  00000-0  10000-3 0  9992
2 29671  65.2644 290.4908 0019139 169.7114 232.7886  2.13102948 90676
COSMOS 2433 (720)       
1 32275U 07052A   18231.39603648 -.00000020  00000-0  10000-3 0  9994
2 32275  65.7193  51.2410 0000726 207.7803 307.5318  2.13104501 84171
COSMOS 2432 (719)       
1 32276U 07052B   18231.08946910 -.00000022  00000-0  10000-3 0  9995
2 32276  65.7287  51.3300 0009991 344.7579 247.2078  2.13103909 84163
COSMOS 2434 (721)       
1 32393U 07065A   18232.03490524 -.00000007  00000-0  00000+0 0  9998
2 32393  64.8622 289.3239 0003958 141.7631  31.5774  2.13102987 82891
COSMOS 2436 (723)       
1 32395U 07065C   18231.45355792 -.00000013  00000-0  10000-3 0  9994
2 32395  64.8722 289.3947 0013618 355.0059 143.1587  2.13104398 82810
COSMOS 2456 (730)       
1 36111U 09070A   18231.34840936 -.00000006  00000-0  00000+0 0  9996
2 36111  64.1891 168.9425 0005786 306.0461 233.0568  2.13103004 67547
COSMOS 2457 (733)       
1 36112U 09070B   18231.55689529 -.00000009  00000-0  00000+0 0  9992
2 36112  64.1700 168.8449 0005477 186.3408 279.2676  2.13101632 67557
COSMOS 2458 (734)       
1 36113U 09070C   18231.50479626 -.00000008  00000-0  10000-3 0  9997
2 36113  64.1764 168.8592 0002289 340.7560 131.3563  2.13091597 67551
COSMOS 2459 (731)       
1 36400U 10007A   18231.46319613 -.00000021  00000-0  10000-3 0  9997
2 36400  65.6272  50.2919 0026088 356.4960  68.7748  2.13102164 65906
COSMOS 2461 (735)       
1 36401U 10007B   18231.76466227 -.00000019  00000-0  10000-3 0  9992
2 36401  65.6163  50.2563 0008916  73.4686 133.6702  2.13102162 65902
COSMOS 2460 (732)       
1 36402U 10007C   18231.42232078 -.00000021  00000-0  10000-3 0  9994
2 36402  65.6113  50.2362 0002299  91.9382 253.0494  2.13101570 65896
COSMOS 2464 (736)       
1 37139U 10041C   18231.66245156 -.00000011  00000-0  00000+0 0  9991
2 37139  64.4650 289.1104 0021976  10.0081 105.4043  2.13102737 61976
COSMOS 2471 (701K)      
1 37372U 11009A   18231.24375766 -.00000022  00000-0  00000-0 0  9993
2 37372  65.6074  50.1860 0007192 223.1070 130.2086  2.13107602 58168
COSMOS 2474 (742)       
1 37829U 11055A   18231.44746619 -.00000006  00000-0  00000+0 0  9993
2 37829  64.5119 169.6829 0010168 252.1904 220.7575  2.13101956 53540
COSMOS 2476 (744)       
1 37867U 11064A   18231.46429420 -.00000006  00000-0  00000+0 0  9995
2 37867  64.4928 169.7435 0019844 244.2820 287.6335  2.13101960 52890
COSMOS 2477 (745)       
1 37868U 11064B   18231.68472965 -.00000009  00000-0  00000+0 0  9995
2 37868  64.5003 169.7847 0017736 245.7842 274.1048  2.13101874 52853
COSMOS 2475 (743)       
1 37869U 11064C   18231.43245091 -.00000006  00000-0  00000-0 0  9995
2 37869  64.5077 169.7886 0022265 268.1290  15.0056  2.13102226 52850
COSMOS 2485 (747)       
1 39155U 13019A   18231.44000354 -.00000005  00000-0  00000-0 0  9998
2 39155  64.6612 169.8670 0020150 239.3630 318.7749  2.13102032 41368
COSMOS 2492 (754)       
1 39620U 14012A   18231.56127169 -.00000021  00000-0  10000-3 0  9998
2 39620  65.4992  50.1078 0013017 337.0127 349.0006  2.13103339 34311
COSMOS 2500 (755)       
1 40001U 14032A   18231.73875970 -.00000020  00000-0  00000+0 0  9998
2 40001  65.4410  50.0665 0005594 184.5000 139.8170  2.13102740 32532
COSMOS 2501 (702K)      
1 40315U 14075A   18231.49271861 -.00000016  00000-0  00000-0 0  9991
2 40315  64.1898 290.3060 0017130 207.8995  88.6154  2.13098665 28937
COSMOS 2514 (751)       
1 41330U 16008A   18231.52396851 -.00000022  00000-0  00000+0 0  9994
2 41330  65.2427  50.1111 0008440 202.9963 137.5603  2.13103200 19697
COSMOS 2516 (753)       
1 41554U 16032A   18231.96804073 -.00000011  00000-0  00000+0 0  9995
2 41554  64.4097 290.1728 0014161 218.3251 353.8712  2.13101673 17310
COSMOS 2522 (752)       
1 42939U 17055A   18231.52392096 -.00000015  00000-0  00000+0 0  9992
2 42939  64.6413 290.1731 0009045 239.4847 218.4269  2.13101872  7061
