GOES 1 (SMS-C) [-]      
1 08366U 75100A   18231.33794690  .00000038  00000-0  00000-0 0  9993
2 08366  11.3090 313.3230 0004528 295.3636  72.7423  1.00258040156408
GOES 2 [-]              
1 10061U 77048A   18231.60768017 -.00000331  00000-0  00000+0 0  9991
2 10061  12.6327 322.6973 0016157 332.9620  35.6124  0.99401482 95101
GOES 3 [-]              
1 10953U 78062A   18231.47307524 -.00000076  00000-0  00000-0 0  9992
2 10953  12.8213 326.4160 0002690 322.5631  38.5117  0.99364091100139
GOES 4 [-]              
1 11964U 80074A   18231.65529987 -.00000058  00000-0  00000+0 0  9999
2 11964  13.6420 330.1453 0033019  24.5064  44.9858  0.99231992 99263
GOES 5 [-]              
1 12472U 81049A   18231.52820738  .00000069  00000-0  00000-0 0  9993
2 12472  13.9683 340.4993 0003947 274.5002 123.6226  1.00247844 94187
GOES 6 [-]              
1 14050U 83041A   18231.40907208  .00000037  00000-0  00000-0 0  9991
2 14050  14.2667 345.4328 0001305 250.2362 107.2445  1.00250869187343
GOES 7 [-]              
1 17561U 87022A   18231.21284552 -.00000298  00000-0  00000-0 0  9993
2 17561  15.0904   1.3971 0005338 322.0365  45.5671  0.99905609 98408
GOES 8 [-]              
1 23051U 94022A   18231.62708282 -.00000003  00000-0  00000+0 0  9991
2 23051  11.8824  35.0098 0005641 258.6594 303.0912  0.98904171 95840
GOES 9 [-]              
1 23581U 95025A   18231.38706069 -.00000197  00000-0  00000-0 0  9992
2 23581  11.3755  34.6586 0002541 101.0302  89.7405  0.98800436 84513
GOES 10 [-]             
1 24786U 97019A   18231.30628335 -.00000271  00000-0  00000-0 0  9999
2 24786   9.8175  39.7477 0028931 174.5345 185.5890  0.99125318 77736
GOES 11 [-]             
1 26352U 00022A   18231.62538906  .00000048  00000-0  00000+0 0  9997
2 26352   5.8118  70.1710 0004188 164.2645 191.9005  0.99040884 66681
GOES 12 [-]             
1 26871U 01031A   18231.68671278 -.00000030  00000-0  00000+0 0  9992
2 26871   7.0815  57.0075 0007994 235.7662 310.7089  0.99138169 62395
GOES 13 [B]             
1 29155U 06018A   18231.25811757 -.00000302  00000-0  00000+0 0  9993
2 29155   0.0420 229.0363 0006601 194.1400 296.8794  1.00260222 44858
GOES 14 [S]             
1 35491U 09033A   18231.37995131 -.00000112  00000-0  00000+0 0  9994
2 35491   0.4206 276.7548 0010087 298.8057 144.3607  1.00276054 33499
GOES 15 [+]             
1 36411U 10008A   18231.46458177  .00000068  00000-0  00000+0 0  9994
2 36411   0.3584 100.4774 0002185  98.9208 160.5826  1.00282479 31029
GOES 16 [+]             
1 41866U 16071A   18231.29892721 -.00000268  00000-0  00000+0 0  9991
2 41866   0.0092 104.0118 0000469  21.6967 234.2959  1.00269369  6447
