GORIZONT 1 [-]          
1 11158U 78118A   18231.50549046 -.00000194  00000-0  00000-0 0  9994
2 11158  14.1373 256.2783 3547445 209.4508 124.6144  1.00234353 94275
GORIZONT 2 [-]          
1 11440U 79062A   18231.76646719 -.00000002  00000-0  00000+0 0  9997
2 11440  12.1808 318.5427 0004866 275.7722  72.3380  1.00292865109341
GORIZONT 3 [-]          
1 11648U 79105A   18230.72468340 -.00000359  00000-0  00000-0 0  9998
2 11648  12.3038 319.7638 0010656 187.2285 187.0616  1.00304134 93813
GORIZONT 4 [-]          
1 11841U 80049A   18231.13956743 -.00000210  00000-0  00000+0 0  9992
2 11841  13.3377 324.4225 0004795 305.2372  65.6369  0.98630420205352
GORIZONT 5 [-]          
1 13092U 82020A   18231.54015962 -.00000246  00000-0  00000-0 0  9997
2 13092  14.1427 329.2628 0031208 178.1274 180.8313  0.98534165 93425
GORIZONT 6 [-]          
1 13624U 82103A   18231.52156265  .00000083  00000-0  00000+0 0  9997
2 13624  13.0131 329.1625 0002274 292.2939  88.0947  1.00236196 92269
GORIZONT 7 [-]          
1 14160U 83066A   18231.12373345 -.00000153  00000-0  00000-0 0  9998
2 14160  14.3470 337.1967 0014136 286.3157 125.8892  0.98348791126638
GORIZONT 8 [-]          
1 14532U 83118A   18231.44948814 -.00000170  00000-0  00000-0 0  9992
2 14532  14.4368 338.8221 0024117 110.0708 352.8914  0.98270376 92412
GORIZONT 9 [-]          
1 14940U 84041A   18230.86887795 -.00000052  00000-0  00000-0 0  9995
2 14940  13.6630 337.3339 0004524 237.6181 133.8827  1.00224877 93277
GORIZONT 10 [-]         
1 15144U 84078A   18231.34230869 -.00000100  00000-0  00000-0 0  9994
2 15144  13.7084 338.3167 0004571 302.2063  64.3818  1.00165936125913
GORIZONT 11 [-]         
1 15484U 85007A   18231.55571458  .00000031  00000-0  00000-0 0  9991
2 15484  13.7932 340.1278 0001819 314.3730  56.4689  1.00248436123961
GORIZONT 12 [-]         
1 16769U 86044A   18231.94580628  .00000109  00000-0  00000+0 0  9997
2 16769  14.1485 345.0628 0004786 272.6827  91.2928  1.00288162118617
GORIZONT 13 [-]         
1 17083U 86090A   18231.07518737 -.00000171  00000-0  00000-0 0  9995
2 17083  15.7076 351.2812 0018636 297.8645  59.7410  0.96726836 90983
GORIZONT 14 [-]         
1 17969U 87040A   18231.56391455 -.00000177  00000-0  00000+0 0  9999
2 17969  15.1085 343.4537 0026858 140.6727 230.1378  0.97659789 91935
GORIZONT 15 [-]         
1 19017U 88028A   18231.67487216 -.00000193  00000-0  00000+0 0  9993
2 19017  15.7908 354.4908 0032254 120.5191 234.5957  0.97829573 91520
GORIZONT 16 [-]         
1 19397U 88071A   18231.44420019  .00000103  00000-0  00000+0 0  9995
2 19397  14.6835 353.3517 0014215   0.7780 178.3646  0.99969860109641
GORIZONT 17 [-]         
1 19765U 89004A   18231.44515979  .00000033  00000-0  00000+0 0  9993
2 19765  15.0484 356.3612 0017652  92.1853  89.0753  0.99064307107241
GORIZONT 18 [-]         
1 20107U 89052A   18231.81469082 -.00000185  00000-0  00000+0 0  9991
2 20107  15.0065 357.6772 0039247 279.9290  86.1727  0.99398437105996
GORIZONT 19 [-]         
1 20263U 89081A   18230.74020172 -.00000388  00000-0  00000-0 0  9996
2 20263  14.7686 357.0827 0005610 256.0258  94.3785  1.00278210 18667
GORIZONT 20 [-]         
1 20659U 90054A   18231.33591053 -.00000251  00000-0  00000-0 0  9993
2 20659  15.0256 359.9840 0003736 184.0505 354.2321  1.00235915103036
GORIZONT 21 [-]         
1 20923U 90094A   18231.18439817  .00000070  00000-0  00000-0 0  9991
2 20923  14.9861   0.7786 0004993 228.9184 184.0500  1.00206846101786
GORIZONT 22 [-]         
1 20953U 90102A   18231.74812987 -.00000363  00000-0  00000+0 0  9994
2 20953  14.9283   1.0672 0007141 296.4250  68.9844  1.00325928101747
GORIZONT 23 [-]         
1 21533U 91046A   18230.88091904 -.00000250  00000-0  00000-0 0  9995
2 21533  15.4421   4.8795 0008796 273.2912 354.1996  0.98910725 18403
GORIZONT 24 [-]         
1 21759U 91074A   18231.07789168 -.00000191  00000-0  00000+0 0  9997
2 21759  15.4805   6.5577 0018902 202.7913 154.1090  0.98444610 96891
GORIZONT 25 [-]         
1 21922U 92017A   18231.38060524 -.00000133  00000-0  00000+0 0  9995
2 21922  15.0471   6.2106 0025321  32.5610 151.7002  0.99841944 96381
GORIZONT 26 [-]         
1 22041U 92043A   18231.32869198 -.00000119  00000-0  00000+0 0  9999
2 22041  15.0974   7.9387 0032462 203.9240 150.8575  0.99241040 95114
GORIZONT 27 [-]         
1 22245U 92082A   18231.42257791 -.00000096  00000-0  00000-0 0  9994
2 22245  15.0239   7.9658 0015335 311.7434 327.2487  1.00226175 98477
GORIZONT 28 [-]         
1 22880U 93069A   18231.52485806 -.00000082  00000-0  00000+0 0  9990
2 22880  14.9196  11.4559 0029180  94.9070 311.8521  0.99647889 90657
GORIZONT 29 [-]         
1 22907U 93072A   18230.64223587 -.00000191  00000-0  00000-0 0  9994
2 22907  14.8599  11.1202 0014273 292.2135 237.6964  1.00162422 90549
GORIZONT 30 [-]         
1 23108U 94030A   18231.48144990 -.00000002  00000-0  00000-0 0  9997
2 23108  14.8120  12.0834 0004507 250.3092 110.3897  1.00378769 88812
GORIZONT 31 [-]         
1 23775U 96005A   18231.38383296 -.00000281  00000-0  00000+0 0  9992
2 23775  14.3220  17.7801 0018726 177.4148  12.8249  0.99885480 82487
GORIZONT 32 [-]         
1 23880U 96034A   18231.19123281 -.00000145  00000-0  00000-0 0  9996
2 23880  14.2348  18.3988 0012638 292.9038  73.1517  1.00209756 81413
GORIZONT 33 [-]         
1 26372U 00029A   18231.21807969 -.00000112  00000-0  00000-0 0  9993
2 26372  12.2550  28.3017 0001889 280.0770  88.8124  1.00254930 66768
