IRIDIUM 106             
1 41917U 17003A   18231.53974328  .00000083  00000-0  22678-4 0  9999
2 41917  86.3995 203.0611 0001792  80.1858 279.9540 14.34216174 83477
IRIDIUM 103             
1 41918U 17003B   18231.52706199  .00000091  00000-0  25559-4 0  9998
2 41918  86.3994 202.9759 0002602  74.5093 285.6390 14.34219032 83504
IRIDIUM 109             
1 41919U 17003C   18231.53341391  .00000083  00000-0  22594-4 0  9996
2 41919  86.3996 202.9854 0002289  83.1437 277.0019 14.34220237 83469
IRIDIUM 102             
1 41920U 17003D   18231.50168054  .00000096  00000-0  27135-4 0  9998
2 41920  86.3993 202.9839 0002512  87.2996 272.8488 14.34219556 83549
IRIDIUM 105             
1 41921U 17003E   18231.40307968  .00000086  00000-0  23740-4 0  9994
2 41921  86.4025 171.4223 0001511  42.1226 318.0085 14.34225861 85384
IRIDIUM 104             
1 41922U 17003F   18231.44460707  .00000086  00000-0  23776-4 0  9999
2 41922  86.3994 203.0063 0001951  77.3388 282.8026 14.34217534 83525
IRIDIUM 114             
1 41923U 17003G   18231.52071116  .00000174  00000-0  55242-4 0  9992
2 41923  86.3994 202.9661 0001967  92.0740 268.0681 14.34216397 83531
IRIDIUM 108             
1 41924U 17003H   18231.75831384  .00000087  00000-0  23869-4 0  9992
2 41924  86.4019 171.3402 0001768  83.1444 276.9953 14.34217044 85424
IRIDIUM 112             
1 41925U 17003J   18231.50802972  .00000116  00000-0  34288-4 0  9997
2 41925  86.3990 202.9493 0002479  99.3116 260.8360 14.34216046 83544
IRIDIUM 111             
1 41926U 17003K   18231.49535381  .00000087  00000-0  24156-4 0  9993
2 41926  86.3993 202.9634 0002412  77.0263 283.1202 14.34218860 83514
IRIDIUM 113             
1 42803U 17039A   18231.68460100  .00000049  00000-0  10577-4 0  9994
2 42803  86.3937  76.5697 0002239  73.5688 286.5754 14.34219174 61479
IRIDIUM 123             
1 42804U 17039B   18231.65632629  .00000067  00000-0  16769-4 0  9998
2 42804  86.3961 108.1977 0002365  82.3079 277.8385 14.34218327 60237
IRIDIUM 120             
1 42805U 17039C   18231.67826985  .00000051  00000-0  11145-4 0  9997
2 42805  86.3927  76.7254 0002175  69.9442 290.1988 14.34219026 61462
IRIDIUM 115             
1 42806U 17039D   18231.53893920  .00000070  00000-0  14891-4 0  9998
2 42806  86.4466  76.4697 0004676 108.0101 252.1610 14.43277624 61946
IRIDIUM 118             
1 42807U 17039E   18231.61828098  .00000061  00000-0  14866-4 0  9994
2 42807  86.3960 108.2233 0002541  91.4619 268.6868 14.34217669 60223
IRIDIUM 117             
1 42808U 17039F   18231.70706731  .00000066  00000-0  16678-4 0  9992
2 42808  86.3960 108.1686 0001809  66.6597 293.4789 14.34218810 60272
IRIDIUM 126             
1 42809U 17039G   18231.66267510  .00000069  00000-0  17697-4 0  9990
2 42809  86.3961 108.1941 0002178  81.9391 278.2052 14.34217566 60248
IRIDIUM 124             
1 42810U 17039H   18231.61715316  .00000058  00000-0  35078-5 0  9991
2 42810  85.6765  61.7451 0011583 197.4998 162.5827 14.84161126 62253
IRIDIUM 128             
1 42811U 17039J   18231.72317759  .00000083  00000-0  22582-4 0  9996
2 42811  86.4004 139.7248 0002921  61.6318 298.5172 14.34218244 60275
IRIDIUM 121             
1 42812U 17039K   18231.68169295  .00000066  00000-0  16332-4 0  9999
2 42812  86.3962 108.1987 0002284  81.3743 278.7712 14.34217775 60235
IRIDIUM 133             
1 42955U 17061A   18231.75490063  .00000063  00000-0  15583-4 0  9994
2 42955  86.4005 139.7630 0002638  72.3445 287.8039 14.34218760 45072
IRIDIUM 100             
1 42956U 17061B   18231.74854860  .00000071  00000-0  18140-4 0  9994
2 42956  86.4004 139.7527 0002144  81.3929 278.7509 14.34216666 45092
IRIDIUM 122             
1 42957U 17061C   18231.71683513  .00000065  00000-0  16155-4 0  9994
2 42957  86.4005 139.7608 0002744  64.6679 295.4801 14.34217531 45077
IRIDIUM 129             
1 42958U 17061D   18231.74221608  .00000071  00000-0  18266-4 0  9993
2 42958  86.4005 139.7857 0002554  72.2333 287.9141 14.34217183 45093
IRIDIUM 119             
1 42959U 17061E   18231.71049013  .00000060  00000-0  14508-4 0  9992
2 42959  86.4006 139.7807 0002671  75.2566 284.8925 14.34217930 45109
IRIDIUM 107             
1 42960U 17061F   18231.72952030  .00000064  00000-0  15880-4 0  9995
2 42960  86.4006 139.7761 0002152  78.4769 281.6669 14.34216545 45127
IRIDIUM 132             
1 42961U 17061G   18231.31725020  .00000068  00000-0  17316-4 0  9998
2 42961  86.4006 139.9429 0001983  71.2560 288.8850 14.34217422 45050
IRIDIUM 136             
1 42962U 17061H   18231.34896745  .00000071  00000-0  18222-4 0  9996
2 42962  86.4006 139.9282 0002685  79.6485 280.5013 14.34217753 45075
IRIDIUM 139             
1 42963U 17061J   18231.70414662  .00000069  00000-0  17605-4 0  9992
2 42963  86.4007 139.7954 0002221  76.7190 283.4254 14.34219627 45136
IRIDIUM 125             
1 42964U 17061K   18231.34262306  .00000069  00000-0  17412-4 0  9995
2 42964  86.4009 139.9559 0002172  79.2652 280.8789 14.34217188 45097
IRIDIUM 135             
1 43070U 17083A   18231.66559660  .00000059  00000-0  13934-4 0  9999
2 43070  86.3933  76.6032 0001869 101.4520 258.6886 14.34217234 34437
IRIDIUM 138             
1 43071U 17083B   18231.55141931  .00000060  00000-0  14524-4 0  9994
2 43071  86.3922  76.6343 0002256  82.7394 277.4058 14.34218898 34406
IRIDIUM 116             
1 43072U 17083C   18231.65923767  .00000057  00000-0  13179-4 0  9992
2 43072  86.3932  76.6257 0002394  95.8566 264.2903 14.34218496 34453
IRIDIUM 130             
1 43073U 17083D   18231.69729676  .00000063  00000-0  15280-4 0  9992
2 43073  86.3940  76.6037 0002352  85.7606 274.3858 14.34217601 34409
IRIDIUM 151             
1 43074U 17083E   18231.53238418  .00000087  00000-0  23980-4 0  9997
2 43074  86.3932  76.6703 0002510  95.8678 264.2804 14.34219052 34409
IRIDIUM 134             
1 43075U 17083F   18231.64020260  .00000062  00000-0  14975-4 0  9991
2 43075  86.3935  76.5926 0001856  82.4551 277.6856 14.34219250 34385
IRIDIUM 137             
1 43076U 17083G   18231.65289493  .00000053  00000-0  11734-4 0  9998
2 43076  86.3937  76.6291 0002652  96.7456 263.4042 14.34218784 34450
IRIDIUM 141             
1 43077U 17083H   18231.71633689  .00000056  00000-0  12817-4 0  9992
2 43077  86.3931  76.5890 0002490  87.1385 273.0095 14.34218034 34468
IRIDIUM 153             
1 43078U 17083J   18231.58490400  .00000073  00000-0  53292-5 0  9992
2 43078  85.5935  46.3467 0015991 130.5847 229.6770 14.83794778 35506
IRIDIUM 131             
1 43079U 17083K   18231.70363159  .00000052  00000-0  11610-4 0  9991
2 43079  86.3937  76.5890 0002176  83.2674 276.8769 14.34218885 34390
IRIDIUM 144             
1 43249U 18030A   18231.60506196 -.00000010  00000-0 -10554-4 0  9994
2 43249  86.3945  45.0299 0001584  84.4902 275.6474 14.34217849 20430
IRIDIUM 149             
1 43250U 18030B   18231.61143786 -.00000015  00000-0 -12549-4 0  9990
2 43250  86.3944  45.0247 0001512  89.4973 270.6396 14.34216104 20439
IRIDIUM 157             
1 43251U 18030C   18231.49091252 -.00000012  00000-0 -11285-4 0  9990
2 43251  86.3945  45.0645 0002655  88.2142 271.9358 14.34217231 20396
IRIDIUM 140             
1 43252U 18030D   18231.57970640  .00000004  00000-0 -55595-5 0  9990
2 43252  86.3946  45.0408 0000748  64.1632 295.9641 14.34217295 20462
IRIDIUM 145             
1 43253U 18030E   18231.56702912 -.00000012  00000-0 -11432-4 0  9996
2 43253  86.3945  45.0307 0001484 142.9004 217.2294 14.34216702 20391
IRIDIUM 146             
1 43254U 18030F   18231.61776390 -.00000004  00000-0 -83605-5 0  9997
2 43254  86.3945  45.0275 0001813 102.1476 257.9922 14.34217220 20411
IRIDIUM 148             
1 43255U 18030G   18231.58605012 -.00000010  00000-0 -10502-4 0  9998
2 43255  86.3946  45.0432 0002252  94.0664 266.0790 14.34217212 20453
IRIDIUM 142             
1 43256U 18030H   18231.62408330 -.00000007  00000-0 -95922-5 0  9994
2 43256  86.3943  45.0222 0002035  89.7082 270.4347 14.34218305 20419
IRIDIUM 150             
1 43257U 18030J   18231.59241303 -.00000009  00000-0 -10161-4 0  9999
2 43257  86.3946  45.0599 0001882  86.2555 273.8856 14.34215805 20454
IRIDIUM 143             
1 43258U 18030K   18231.57337064 -.00000003  00000-0 -81722-5 0  9994
2 43258  86.3950  45.0410 0001462 111.8388 248.2963 14.34217175 20362
IRIDIUM 161             
1 43478U 18047C   18231.51989412  .00000075  00000-0  16185-4 0  9997
2 43478  86.4516 203.1230 0002501  80.4833 279.6650 14.43279459 12818
IRIDIUM 152             
1 43479U 18047D   18231.47631568  .00000077  00000-0  20559-4 0  9991
2 43479  86.3989 203.0232 0002300  95.9200 264.2258 14.34218870 12756
IRIDIUM 147             
1 43480U 18047E   18231.48266234  .00000089  00000-0  24793-4 0  9995
2 43480  86.3990 202.9772 0002575  85.0562 275.0927 14.34216404 12745
IRIDIUM 110             
1 43481U 18047F   18231.48901380  .00000082  00000-0  22308-4 0  9997
2 43481  86.3994 202.9896 0001897  79.1308 281.0101 14.34218645 12734
IRIDIUM 162             
1 43482U 18047G   18231.51353627  .00000059  00000-0  11540-4 0  9997
2 43482  86.4515 203.0568 0002459  77.0771 283.0704 14.43278303 12805
IRIDIUM 160             
1 43569U 18061A   18232.20229582  .00000031  00000-0  38479-5 0  9999
2 43569  86.4022 171.0991 0002503  88.9014 271.2469 14.34218316  3736
IRIDIUM 166             
1 43570U 18061B   18231.33614160  .00000063  00000-0  10183-4 0  9990
2 43570  86.5017 171.4520 0001714  88.7059 271.4344 14.53317718  3635
IRIDIUM 158             
1 43571U 18061C   18231.35873749  .00000053  00000-0  11706-4 0  9994
2 43571  86.4020 171.4478 0002116  93.4975 266.6463 14.34217839  3605
IRIDIUM 165             
1 43572U 18061D   18231.80271468  .00000034  00000-0  49730-5 0  9993
2 43572  86.4024 171.2567 0002169  90.8824 269.2620 14.34221325  3697
IRIDIUM 155             
1 43573U 18061E   18231.41581551  .00000046  00000-0  94878-5 0  9994
2 43573  86.4019 171.4229 0002107  61.9608 298.1800 14.34218340  3616
IRIDIUM 154             
1 43574U 18061F   18231.43374727  .00000058  00000-0  87409-5 0  9997
2 43574  86.5028 171.4177 0002394 114.9804 245.1651 14.53515675  3657
IRIDIUM 163             
1 43575U 18061G   18231.44752707  .00000023  00000-0  11901-5 0  9993
2 43575  86.4018 171.4102 0001723 112.1632 247.9746 14.34219717  3638
IRIDIUM 156             
1 43576U 18061H   18231.42215823  .00000041  00000-0  74684-5 0  9992
2 43576  86.4019 171.4246 0001782  84.2165 275.9233 14.34217597  3618
IRIDIUM 164             
1 43577U 18061J   18231.39564837  .00000070  00000-0  11636-4 0  9990
2 43577  86.5067 171.4365 0001816 108.4134 251.7270 14.53541826  3651
IRIDIUM 159             
1 43578U 18061K   18231.72026316  .00000023  00000-0  11166-5 0  9990
2 43578  86.4019 171.2941 0002419  87.6675 272.4797 14.34218487  3673
