IRIDIUM 7 [-]           
1 24793U 97020B   18231.32290289  .00000064  00000-0  15800-4 0  9991
2 24793  86.4000 140.0841 0002163  85.8583 274.2860 14.34258658114564
IRIDIUM 5 [-]           
1 24795U 97020D   18231.33767208  .00000245  00000-0  24296-4 0  9994
2 24795  86.3995 131.2704 0137367 294.9978  63.7028 14.79943660115891
IRIDIUM 4 [-]           
1 24796U 97020E   18231.31598653  .00000149  00000-0  45384-4 0  9993
2 24796  86.3993 138.6515 0002147  83.0017  56.6173 14.35221778114677
IRIDIUM 914 [-]         
1 24836U 97030A   18231.39093230  .00000069  00000-0  16028-4 0  9992
2 24836  86.3985 154.2175 0003497 110.3278 249.8297 14.38834758248415
IRIDIUM 12 [P]          
1 24837U 97030B   18231.43388585  .00023769  00000-0  36577-3 0  9990
2 24837  86.4142 170.9562 0290421 171.5899 189.0373 15.18263800108407
IRIDIUM 10 [+]          
1 24839U 97030D   18231.32052891  .00000146  00000-0  45021-4 0  9997
2 24839  86.4007 171.1151 0002238  84.7932 275.3519 14.34221952108305
IRIDIUM 16 [-]          
1 24841U 97030F   18231.44931939  .00000090  00000-0  23780-4 0  9998
2 24841  86.4089 170.6745 0002277  23.4503 336.6798 14.36793555109078
IRIDIUM 911 [-]         
1 24842U 97030G   18231.61589416  .00000109  00000-0  25368-4 0  9992
2 24842  86.4515 171.1358 0016640 105.3975 254.9067 14.45048355114811
IRIDIUM 15 [B]          
1 24869U 97034A   18231.49337818 -.00000015  00000-0 -11341-4 0  9992
2 24869  86.4207 202.8662 0002433  74.8149 285.3318 14.38601244105244
IRIDIUM 17 [-]          
1 24870U 97034B   18231.49504936  .00000127  00000-0  37217-4 0  9993
2 24870  86.3990 200.6875 0000712 123.1857 236.9408 14.35835519105634
IRIDIUM 920 [-]         
1 24871U 97034C   18231.42934295  .00000103  00000-0  26671-4 0  9998
2 24871  86.4018 185.8947 0012543  22.0335 338.1400 14.39545627107950
IRIDIUM 18 [-]          
1 24872U 97034D   18231.51646522  .16201721 -14869-5  18152-3 0  9996
2 24872  86.3501 195.4595 0021968  78.4687 281.9091 16.48748149106461
IRIDIUM 921 [-]         
1 24873U 97034E   18231.58429287  .00001135  00000-0  64018-4 0  9990
2 24873  86.3923 223.3421 0005737 220.7213 139.3597 15.12035968152817
IRIDIUM 26 [-]          
1 24903U 97043A   18231.63502190  .00000087  00000-0  23507-4 0  9998
2 24903  86.3927  75.4522 0002153  84.0943 276.0499 14.35324134 99420
IRIDIUM 46 [-]          
1 24905U 97043C   18231.62917425  .00054576 -57898-6  33619-3 0  9990
2 24905  86.3810  62.9607 0258003  15.4958 345.4005 15.43154911101072
IRIDIUM 22 [-]          
1 24907U 97043E   18231.70559501  .00000070  00000-0  17803-4 0  9992
2 24907  86.3930  77.0439 0002217  89.2939 270.8510 14.34259220 99255
DUMMY MASS 1 [-]        
1 24925U 97048A   18231.97205028  .00000071  00000-0  50655-5 0  9992
2 24925  86.3366 205.6935 0006050 346.2951  13.8108 14.85179672135221
DUMMY MASS 2 [-]        
1 24926U 97048B   18231.53840983  .00000083  00000-0  64362-5 0  9993
2 24926  86.3364 207.0785 0007234 354.5584   5.5560 14.84947340134759
IRIDIUM 29 [-]          
1 24944U 97051A   18231.71436664  .00000093  00000-0  25836-4 0  9997
2 24944  86.3951 107.6979 0002301  91.6185 268.5275 14.34664598 95876
IRIDIUM 32 [+]          
1 24945U 97051B   18231.66890798  .00000098  00000-0  27767-4 0  9994
2 24945  86.3940 108.0297 0002278  97.7958 262.3496 14.34219509 95832
IRIDIUM 33 [-]          
1 24946U 97051C   18231.68065472  .00000064  00000-0  15906-4 0  9995
2 24946  86.3865 107.4475 0005946 294.7887  65.2689 14.33613554 95421
IRIDIUM 28 [-]          
1 24948U 97051E   18231.65484138  .00000079  00000-0  20548-4 0  9992
2 24948  86.3954 106.6977 0001942  77.2990 282.8424 14.35621148 96055
IRIDIUM 31 [B]          
1 24950U 97051G   18231.60358000  .00000120  00000-0  32557-4 0  9998
2 24950  86.4212 108.1915 0002457  80.0679 280.0796 14.38609744 96056
IRIDIUM 35 [B]          
1 24966U 97056B   18231.74596727  .00000149  00000-0  42240-4 0  9996
2 24966  86.4256 139.6141 0002380  86.2840 273.8631 14.38601046 94002
IRIDIUM 36 [-]          
1 24967U 97056C   18231.71351636  .00000068  00000-0  16827-4 0  9994
2 24967  86.4005 138.3275 0002094  88.6565 271.4872 14.35676820 94348
IRIDIUM 40 [-]          
1 25041U 97069C   18232.17918799  .00268974  25489-4  59128-3 0  9996
2 25041  86.3677 159.7277 0078898  34.1242 326.5075 15.92514109 93620
IRIDIUM 39 [-]          
1 25042U 97069D   18231.44375385  .00000106  00000-0  23879-4 0  9998
2 25042  86.3952 196.4882 0018018 335.4281  24.6061 14.46256163 88610
IRIDIUM 38 [-]          
1 25043U 97069E   18231.46522194  .00000075  00000-0  18895-4 0  9990
2 25043  86.3989 199.5781 0001927  51.6543 308.4827 14.36103543 88190
IRIDIUM 42 [-]          
1 25077U 97077A   18231.40816928 -.00000151  00000-0 -60751-4 0  9996
2 25077  86.3990 202.8411 0002079  73.5900 286.5524 14.34529167 83575
IRIDIUM 44 [-]          
1 25078U 97077B   18231.46230993  .00000136  00000-0  38417-4 0  9990
2 25078  86.3999 191.3240 0001321  31.7984 328.3294 14.38204689 85152
IRIDIUM 45 [+]          
1 25104U 97082A   18231.23126802  .00000127  00000-0  38188-4 0  9999
2 25104  86.3948 108.3406 0002182  64.3425 295.7996 14.34219641 81462
IRIDIUM 24 [-]          
1 25105U 97082B   18231.60933766  .00000088  00000-0  21648-4 0  9995
2 25105  86.3889  54.5194 0012342  24.7610 335.4179 14.39938810 84502
IRIDIUM 47 [P]          
1 25106U 97082C   18231.70422745  .00001501  00000-0  74265-4 0  9991
2 25106  86.4181  76.1433 0214742 175.4196 184.9073 14.98783897 81837
IRIDIUM 52 [+]          
1 25169U 98010A   18231.58055871  .00000150  00000-0  46626-4 0  9999
2 25169  86.4012 171.3467 0002204  85.7515 274.3932 14.34221046 72909
IRIDIUM 56 [+]          
1 25170U 98010B   18231.36487669  .00000177  00000-0  56049-4 0  9990
2 25170  86.4027 171.5679 0002364  83.5922 276.5543 14.34221938 73058
IRIDIUM 54 [+]          
1 25171U 98010C   18231.39664113  .00000146  00000-0  45216-4 0  9995
2 25171  86.4012 171.4458 0002220  84.4761 275.6687 14.34220601 73302
IRIDIUM 50 [+]          
1 25172U 98010D   18231.35859952  .00000136  00000-0  41330-4 0  9991
2 25172  86.4011 171.4165 0002256  87.8155 272.3299 14.34218333 72851
IRIDIUM 53 [+]          
1 25173U 98010E   18231.44736973  .00000137  00000-0  42024-4 0  9991
2 25173  86.4012 171.3877 0002221  85.1694 274.9755 14.34220686 73156
IRIDIUM 51 [-]          
1 25262U 98018A   18231.29621334  .00000484  00000-0  32929-4 0  9993
2 25262  86.4012 129.7395 0205416 254.3602 103.4874 14.88112777 74000
IRIDIUM 61 [B]          
1 25263U 98018B   18231.73958698  .00000168  00000-0  48402-4 0  9991
2 25263  86.4268 139.8166 0003497  77.4854 282.6735 14.38606998 68399
IRIDIUM 55 [B]          
1 25272U 98019A   18231.19272720  .00000099  00000-0  25940-4 0  9992
2 25272  86.4207 108.1517 0002554  82.8249 277.3240 14.38607732 67367
IRIDIUM 57 [-]          
1 25273U 98019B   18231.23281840  .00000075  00000-0  19635-4 0  9999
2 25273  86.3955 108.4544 0002213  87.0560 273.0889 14.34309952 67209
IRIDIUM 58 [B]          
1 25274U 98019C   18231.61623562  .00000088  00000-0  22113-4 0  9992
2 25274  86.4205 108.4833 0002301  73.6177 286.5274 14.38612788 67422
IRIDIUM 59 [+]          
1 25275U 98019D   18231.69432065  .00000094  00000-0  26510-4 0  9999
2 25275  86.3951 108.3031 0002270  87.2107 272.9348 14.34221670 67487
IRIDIUM 60 [+]          
1 25276U 98019E   18231.70063474  .00000095  00000-0  26793-4 0  9990
2 25276  86.3947 107.9025 0002226  83.2817 276.8632 14.34220446 67485
IRIDIUM 62 [B]          
1 25285U 98021A   18231.43281020 -.00000055  00000-0 -24595-4 0  9998
2 25285  86.4189  44.9102 0002223  81.6218 278.5232 14.38604023 66456
IRIDIUM 63 [-]          
1 25286U 98021B   18231.59746424  .00000074  00000-0  19090-4 0  9993
2 25286  86.3968  45.2579 0002332  92.9372 309.5827 14.34736305 66191
IRIDIUM 64 [B]          
1 25287U 98021C   18231.43912292 -.00000074  00000-0 -30805-4 0  9994
2 25287  86.4189  44.9534 0002000  86.3351 273.8076 14.38603676 66154
IRIDIUM 66 [-]          
1 25289U 98021E   18232.26931201  .04341522 -16876-5  69868-3 0  9991
2 25289  86.3870  42.9925 0172480 119.4311 242.4186 16.02849923 66747
IRIDIUM 69 [-]          
1 25319U 98026A   18231.68359190  .00000093  00000-0  23921-4 0  9994
2 25319  86.3955  65.4822 0001241  23.0140 337.1114 14.38748864 64646
IRIDIUM 71 [-]          
1 25320U 98026B   18231.48093591  .00000079  00000-0  19047-4 0  9992
2 25320  86.3939  61.2460 0003434  54.7743 305.3777 14.39161015 64817
IRIDIUM 70 [+]          
1 25342U 98032A   18231.58455895 -.00000055  00000-0 -24399-4 0  9995
2 25342  86.4185  45.2136 0001915  79.9549 280.1865 14.38604365 60523
IRIDIUM 73 [-]          
1 25344U 98032C   18231.54925588  .00000086  00000-0  17244-4 0  9997
2 25344  86.4434  21.9003 0002861  87.4760 272.6772 14.49129477 69289
IRIDIUM 76 [-]          
1 25432U 98048B   18232.20566960  .02283115 -15579-5  10078-2 0  9998
2 25432  86.7626  75.8372 0312422 148.7453 213.2822 15.65721257 47250
IRIDIUM 82 [-]          
1 25467U 98051A   18231.37436626  .00000870  00000-0  63866-4 0  9997
2 25467  86.4044 185.1196 0179182 304.9978  53.4539 14.90001350 50581
IRIDIUM 2 [-]           
1 25527U 98066A   18231.73286576  .00000837  00000-0  39815-4 0  9997
2 25527  85.5323 139.1100 0007566 329.0175  31.0618 15.17524871 82847
IRIDIUM 86 [+]          
1 25528U 98066B   18231.35222660  .00000138  00000-0  42282-4 0  9996
2 25528  86.4002 170.8048 0002750  66.5930 293.5555 14.34221088 40501
IRIDIUM 84 [+]          
1 25530U 98066D   18231.31417761  .00000144  00000-0  44470-4 0  9991
2 25530  86.4004 170.9926 0002265  84.9830 275.1624 14.34220309 38297
IRIDIUM 83 [+]          
1 25531U 98066E   18231.48542831  .00000138  00000-0  42088-4 0  9993
2 25531  86.4006 171.0642 0002228  85.6983 274.4467 14.34220665 35742
IRIDIUM 20 [B]          
1 25577U 98074A   18231.54990018 -.00000072  00000-0 -29958-4 0  9993
2 25577  86.4181  76.3616 0002665  95.4011 264.7491 14.38603547215286
IRIDIUM 11 [B]          
1 25578U 98074B   18231.70378722 -.00000055  00000-0 -24580-4 0  9991
2 25578  86.4183  76.5182 0002581 104.0293 300.1655 14.38611404 38871
IRIDIUM 14 [+]          
1 25777U 99032A   18231.59863418  .00000016  00000-0 -13229-5 0  9990
2 25777  86.3937  44.8923 0002184  83.6718 276.4727 14.34216121 16090
IRIDIUM 91 [+]          
1 27372U 02005A   18231.25664013  .00000107  00000-0  31059-4 0  9990
2 27372  86.3953 108.3077 0002585  84.9600 275.1891 14.34219647872988
IRIDIUM 90 [-]          
1 27373U 02005B   18231.72467208  .00110526  14961-5  47077-3 0  9999
2 27373  86.4320 159.6753 0257852  91.4115 271.6695 15.49686733874673
IRIDIUM 95 [+]          
1 27375U 02005D   18231.64353816  .00000098  00000-0  28080-4 0  9991
2 27375  86.3950 108.1512 0002681  97.7669 262.3832 14.34219692872325
IRIDIUM 96 [-]          
1 27376U 02005E   18231.24587177  .00034002 -84139-6  33533-3 0  9999
2 27376  86.3776 124.4228 0272747 336.5187  22.3792 15.31107687280283
IRIDIUM 97 [B]          
1 27450U 02031A   18231.73340119  .00000161  00000-0  46251-4 0  9997
2 27450  86.4262 139.8588 0002191  87.9168 272.2281 14.38608140851724
IRIDIUM 98 [-]          
1 27451U 02031B   18232.18447479  .02833544 -14697-5  42277-3 0  9992
2 27451  86.3722 199.7226 0205155 211.4491 147.4400 15.95649193853205
