MTI                     
1 26102U 00014A   18232.14740532  .00003565  00000-0  63872-4 0  9997
2 26102  97.5818  69.7071 0009880 149.3601 350.9832 15.50647950 20936
CFESAT                  
1 30777U 07006F   18231.52500981  .00002040  00000-0  62872-4 0  9997
2 30777  35.4246 251.4162 0006619 257.9577 102.0407 15.33585756633751
SPIRALE A               
1 33751U 09008C   18231.38119939  .00000013  00000-0  15150-3 0  9993
2 33751   2.0049 114.9620 5453963 169.1505 210.3291  4.58688044130606
SPIRALE B               
1 33752U 09008D   18231.51890532  .00001595  00000-0  45472-3 0  9990
2 33752   1.7804 128.0309 6937641 126.6942 318.0397  2.71953443 86419
SAPPHIRE                
1 39088U 13009C   18232.17601681 -.00000015  00000-0  10051-4 0  9995
2 39088  98.5246  75.0467 0012552 103.7890 256.4692 14.34179215286867
