COSMOS 2361 [-]         
1 25590U 98076A   18231.82702131  .00000031  00000-0  16294-4 0  9990
2 25590  82.9368 159.1886 0032529 131.3796 249.4469 13.72952850984751
COSMOS 2378 [-]         
1 26818U 01023A   18231.54152897  .00000033  00000-0  18306-4 0  9995
2 26818  82.9290 179.9915 0034422  85.8532 274.6568 13.73928174862351
COSMOS 2389 [-]         
1 27436U 02026A   18231.63646153  .00000015  00000-0  52704-7 0  9992
2 27436  82.9515 124.2196 0045517 317.0304  52.7333 13.74928059814294
COSMOS 2398 [-]         
1 27818U 03023A   18231.58348294  .00000025  00000-0  11562-4 0  9998
2 27818  82.9458  81.3299 0031203 335.7971  24.1714 13.72159388761684
COSMOS 2407 [+]         
1 28380U 04028A   18231.56188595 -.00000007  00000-0 -22336-4 0  9996
2 28380  82.9589  31.2273 0038714 327.6570  32.2206 13.76055562706913
COSMOS 2414 [+]         
1 28521U 05002A   18232.18113974  .00000004  00000-0 -94794-5 0  9998
2 28521  82.9475  44.5234 0039618 194.8996 165.1003 13.87601643687770
COSMOS 2429 [-]         
1 32052U 07038A   18232.15015072  .00000026  00000-0  11154-4 0  9991
2 32052  82.9831 151.7597 0037243 296.3436  63.3897 13.74906027548981
COSMOS 2454 [-]         
1 35635U 09039A   18230.88406358  .00000016  00000-0 -23991-6 0  9997
2 35635  82.9542  34.4577 0019483 154.8603 205.3514 13.89629645460458
COSMOS 2463 [+]         
1 36519U 10017A   18232.22918532  .00000008  00000-0 -79187-5 0  9997
2 36519  82.9612 189.0313 0037015 136.9394 223.4664 13.71426915416276
