O3B FM5                 
1 39188U 13031A   18231.57190119 -.00000032  00000-0  00000-0 0  9991
2 39188   0.0264   2.1821 0002572 145.1308 212.7009  5.00115843 94129
O3B FM4                 
1 39189U 13031B   18231.57099596 -.00000032  00000-0  00000-0 0  9999
2 39189   0.0534  15.0137 0002538 133.3927 211.6067  5.00115842 94122
O3B FM2                 
1 39190U 13031C   18231.53648647 -.00000032  00000-0  00000-0 0  9994
2 39190   0.0562  19.3448 0006634 173.1881 167.4485  5.00115845 94090
O3B PFM                 
1 39191U 13031D   18231.56743906 -.00000032  00000-0  00000-0 0  9992
2 39191   0.0347   5.4679 0000904 189.1996 165.3277  5.00115135 94090
O3B FM3                 
1 40079U 14038A   18231.27151810 -.00000032  00000-0  00000-0 0  9992
2 40079   0.0444  14.2842 0002224  75.0621 270.6769  5.00115385 70198
O3B FM7                 
1 40080U 14038B   18231.22154862 -.00000032  00000-0  00000-0 0  9999
2 40080   0.0465  13.2371 0002610 133.1077 213.6696  5.00116436 74973
O3B FM6                 
1 40081U 14038C   18231.23764848 -.00000032  00000-0  00000-0 0  9992
2 40081   0.0454  13.6788 0002561 134.5173 211.8172  5.00117348 74955
O3B FM8                 
1 40082U 14038D   18232.08738006 -.00000032  00000-0  00000+0 0  9993
2 40082   0.0487  13.4223 0002589 133.7761 212.8156  5.00115147 75126
O3B FM10                
1 40348U 14083A   18231.32089487 -.00000032  00000-0  00000-0 0  9997
2 40348   0.0398   3.9650 0002559 142.2378 213.8114  5.00114316 67039
O3B FM11                
1 40349U 14083B   18231.53743603 -.00000032  00000-0  00000-0 0  9998
2 40349   0.0368   9.6465 0003298 137.6591 212.7127  5.00115895 67035
O3B FM12                
1 40350U 14083C   18231.60455486 -.00000032  00000-0  00000+0 0  9996
2 40350   0.0379   9.6214 0002750 140.9153 209.4767  5.00115646 67042
O3B FM9                 
1 40351U 14083D   18231.58707021 -.00000032  00000-0  00000-0 0  9990
2 40351   0.0360  10.8971 0002597 135.5839 213.5332  5.00114946 67054
DIAMOND RED             
1 42783U 17036U   18231.60614811  .00000901  00000-0  42978-4 0  9997
2 42783  97.3958 290.2387 0011581 207.1924 152.8707 15.21575390 64153
DIAMOND GREEN           
1 42785U 17036W   18231.60492773  .00000877  00000-0  41900-4 0  9996
2 42785  97.3961 290.2526 0011459 207.8156 152.2469 15.21577672 64224
DIAMOND BLUE            
1 42786U 17036X   18231.73562741  .00000858  00000-0  41077-4 0  9998
2 42786  97.3960 290.3809 0011303 207.5103 152.5536 15.21576865 64160
LEO VANTAGE 1           
1 43113U 18004C   18231.57563714 -.00000053  00000-0 -10712-4 0  9993
2 43113  99.4769 292.0037 0005364   5.9546 354.1663 13.69847828 30724
TINTIN A                
1 43216U 18020B   18231.45640861  .00001821  00000-0  88171-4 0  9997
2 43216  97.4545 238.0560 0014626  24.7544 335.4390 15.19759439 27000
TINTIN B                
1 43217U 18020C   18231.45482904  .00001789  00000-0  86697-4 0  9994
2 43217  97.4619 238.2276 0013960  25.4349 334.7570 15.19758771 27000
O3B FM15                
1 43231U 18024A   18231.45457399 -.00000032  00000-0  00000+0 0  9994
2 43231   0.0417 359.8110 0002721 146.7870 213.4171  5.00115750  8167
O3B FM16                
1 43232U 18024B   18231.90419051 -.00000032  00000-0  00000+0 0  9998
2 43232   0.0435 354.7125 0002923 159.2177 206.0825  5.00116379  8185
O3B FM14                
1 43233U 18024C   18231.55394237 -.00000032  00000-0  00000-0 0  9999
2 43233   0.0448 353.6788 0002705 160.3209 206.0116  5.00117496  8151
O3B FM13                
1 43234U 18024D   18231.56746166 -.00000032  00000-0  00000+0 0  9992
2 43234   0.0341  33.8409 0003610  89.8187 236.3727  5.00113831  8161
