RADUGA 1 [-]            
1 08513U 75123A   18231.26785627 -.00000001  00000-0  00000-0 0  9995
2 08513   9.7059 306.9739 0005466 204.0393 337.1592  1.00273332166147
RADUGA 2 [-]            
1 09416U 76092A   18231.73487045 -.00000140  00000-0  00000+0 0  9992
2 09416  10.3352 308.8020 0028453 313.7519  48.6872  1.00297791100673
RADUGA 3 [-]            
1 10159U 77071A   18231.80195439  .00000138  00000-0  00000+0 0  9993
2 10159  10.9032 311.0790 0007775 217.5622 126.3254  1.00240127148389
RADUGA 4 [-]            
1 10987U 78073A   18231.99160631 -.00000217  00000-0  00000+0 0  9990
2 10987  11.4597 314.0072 0012499 315.9512 141.2405  1.00347117 90923
RADUGA 5 [-]            
1 11343U 79035A   18231.04784736 -.00000195  00000-0  00000-0 0  9996
2 11343  11.8564 316.3283 0001546 103.3701   9.1141  1.00259903100686
RADUGA 6 [-]            
1 11708U 80016A   18230.92255403 -.00000345  00000-0  00000-0 0  9999
2 11708  12.1402 318.8754 0002571 275.3051 168.2364  1.00308118 93490
RADUGA 7 [-]            
1 12003U 80081A   18231.32202184 -.00000231  00000-0  00000-0 0  9997
2 12003  12.2702 320.5260 0011599 248.8036 205.1576  1.00294042 94647
RADUGA 8 [-]            
1 12351U 81027A   18231.51147406  .00000010  00000-0  00000-0 0  9994
2 12351  12.5777 321.2681 0083941 188.8732 233.5184  1.00406228 93852
RADUGA 9 [-]            
1 12618U 81069A   18231.67345600 -.00000378  00000-0  00000+0 0  9996
2 12618  12.7142 323.5738 0001545   6.2865 354.7643  1.00279716 99676
RADUGA 10 [-]           
1 12897U 81102A   18232.06263795 -.00000205  00000-0  00000+0 0  9990
2 12897  12.7696 324.3553 0002110 168.2038 303.1545  1.00281476 88744
RADUGA 11 [-]           
1 13669U 82113A   18232.07584229 -.00000176  00000-0  00000+0 0  9997
2 13669  14.3711 335.8211 0039523 221.2587 130.4646  0.97709680 93604
RADUGA 12 [-]           
1 13974U 83028A   18230.86887795 -.00000056  00000-0  00000-0 0  9999
2 13974  13.5583 332.9272 0002800 332.7084  42.3984  1.00289121140713
RADUGA 13 [-]           
1 14307U 83088A   18230.64008043 -.00000215  00000-0  00000+0 0  9999
2 14307  14.5328 337.4980 0018088 355.2746   5.9296  0.98175515 90866
RADUGA 14 [-]           
1 14725U 84016A   18231.86462186 -.00000219  00000-0  00000+0 0  9996
2 14725  13.6073 336.1071 0000951  26.7882   2.7341  1.00264325 89423
RADUGA 15 [-]           
1 15057U 84063A   18231.00784132  .00000073  00000-0  00000+0 0  9998
2 15057  13.6839 337.0883 0000519 126.3630 243.7589  1.00281267112412
RADUGA 16 [-]           
1 15946U 85070A   18231.55507926  .00000065  00000-0  00000+0 0  9999
2 15946  13.9268 341.3375 0002957 284.3371  92.0513  1.00248812 93551
RADUGA 17 [-]           
1 16250U 85107A   18231.61584931 -.00000094  00000-0  00000+0 0  9990
2 16250  13.9873 342.5408 0009742 161.7345 212.8009  1.00190732123160
RADUGA 18 [-]           
1 16497U 86007A   18231.08530557 -.00000161  00000-0  00000-0 0  9995
2 16497  14.6890 344.9184 0070292 127.7909 257.1434  0.98814203117612
RADUGA 19 [-]           
1 17046U 86082A   18232.01428641 -.00000125  00000-0  00000+0 0  9992
2 17046  14.9127 348.4663 0008031 115.2842 253.8720  0.98461051114819
RADUGA 20 [-]           
1 17611U 87028A   18231.34259602 -.00000118  00000-0  00000+0 0  9997
2 17611  16.7652 352.0142 0024612  98.8744 286.2445  0.95962095110869
RADUGA 21 [-]           
1 18631U 87100A   18231.32333895 -.00000219  00000-0  00000-0 0  9999
2 18631  14.8951 350.0958 0001935 310.8068  56.0232  1.00189659112420
RADUGA 22 [-]           
1 19596U 88095A   18231.31238163 -.00000366  00000-0  00000-0 0  9998
2 19596  14.6469 353.8431 0001738  96.2273  94.2899  1.00366167 92986
RADUGA 23 [-]           
1 19928U 89030A   18231.74603622 -.00000388  00000-0  00000+0 0  9993
2 19928  14.6827 355.5239 0017379 129.7830 229.5888  1.00254796106180
RADUGA-1 1 [-]          
1 20083U 89048A   18230.94520843 -.00000007  00000-0  00000-0 0  9999
2 20083  15.2807 358.2356 0016892  70.7766 289.3135  0.98707119103040
RADUGA 24 [-]           
1 20367U 89098A   18230.97271571  .00000093  00000-0  00000+0 0  9996
2 20367  15.1155 358.0422 0003612 276.9344  86.7829  1.00278598104363
RADUGA 25 [-]           
1 20499U 90016A   18231.38167463 -.00000296  00000-0  00000-0 0  9991
2 20499  14.8494 358.4855 0001603 271.1615 155.1406  1.00233387104247
RADUGA 26 [-]           
1 21016U 90112A   18231.37990736 -.00000206  00000-0  00000+0 0  9990
2 21016  14.9604   1.6306 0004720   2.7289 182.7158  1.00319498101574
RADUGA-1 2 [-]          
1 21038U 90116A   18231.44707896  .00000003  00000-0  00000+0 0  9993
2 21038  14.9941   1.7352 0004852  23.7453 162.7127  1.00318688101244
RADUGA 27 [-]           
1 21132U 91014A   18231.74586175 -.00000387  00000-0  00000+0 0  9990
2 21132  15.5146   1.7847 0002815 325.4853  26.3610  1.00213937100641
RADUGA 28 [-]           
1 21821U 91087A   18231.01080733  .00000108  00000-0  00000+0 0  9994
2 21821  15.0606   5.0244 0002411  72.2569 285.2214  1.00291122 97680
RADUGA 29 [-]           
1 22557U 93013A   18231.18439817  .00000071  00000-0  00000-0 0  9991
2 22557  14.9894   9.1332 0002038  34.0490  10.3402  1.00228497 93015
RADUGA 30 [-]           
1 22836U 93062A   18231.44987052 -.00000109  00000-0  00000-0 0  9996
2 22836  14.9074  10.9553 0006060 276.1918 276.1723  1.00259370 17336
RADUGA-1 3 [-]          
1 22981U 94008A   18231.45021946 -.00000117  00000-0  00000-0 0  9999
2 22981  14.9073  12.1409 0001733 291.9185 261.2376  1.00214762 89810
RADUGA 31 [-]           
1 23010U 94012A   18231.38278615 -.00000324  00000-0  00000+0 0  9996
2 23010  14.8786  12.1127 0002863 341.2423 209.3911  1.00318070 89679
RADUGA 32 [-]           
1 23448U 94087A   18231.45004498 -.00000118  00000-0  00000-0 0  9999
2 23448  14.6850  14.6838 0007380 225.0773 324.5262  1.00261125104211
RADUGA-1 4 [-]          
1 25642U 99010A   18231.38444362 -.00000367  00000-0  00000+0 0  9993
2 25642  14.4714  26.7528 0005471 242.6305 301.8955  1.00322512 71309
RADUGA-1 5 [-]          
1 26477U 00049A   18231.52079326 -.00000082  00000-0  00000-0 0  9999
2 26477  12.1769  29.5785 0002808 306.0940 248.7331  1.00339563 65751
RADUGA-1 6 [-]          
1 26936U 01045A   18231.41200672 -.00000078  00000-0  00000-0 0  9999
2 26936  11.9351  35.1688 0014740 144.5866 168.3372  0.97743908 60653
RADUGA-1 7 [-]          
1 28194U 04010A   18231.15535712  .00000117  00000-0  00000+0 0  9991
2 28194  10.2903  42.3532 0003342 211.0195 166.5940  1.00344347 52735
RADUGA-1M 1 [-]         
1 32373U 07058A   18231.49008625 -.00000109  00000-0  00000-0 0  9998
2 32373   3.9386  71.7995 0002261 224.5836 122.5456  0.99394505 23978
RADUGA-1 8 [-]          
1 34264U 09010A   18231.57479985  .00000066  00000-0  00000-0 0  9990
2 34264   6.5511  64.6507 0011111 310.6970 359.2445  0.99826685 34639
RADUGA-1M 2 [+]         
1 36358U 10002A   18231.52402098 -.00000203  00000-0  00000+0 0  9998
2 36358   0.0386 258.8714 0002259 262.9747  79.5986  1.00273657 31340
RADUGA-1M 3 [+]         
1 39375U 13062A   18231.80823537 -.00000057  00000-0  00000+0 0  9992
2 39375   0.0256 203.8463 0002020 287.7341 197.4736  1.00272518 17465
