SCD 1                   
1 22490U 93009B   18232.22602292  .00000214  00000-0  85096-5 0  9999
2 22490  24.9689 181.6223 0043037 183.7481 312.8731 14.44528908347700
TECHSAT 1B (GO-32)      
1 25397U 98043D   18231.77718772 -.00000015  00000-0  12518-4 0  9999
2 25397  98.6520 171.1733 0001427 145.0543 215.0729 14.23649844 44770
SCD 2                   
1 25504U 98060A   18231.62001145  .00000216  00000-0  10030-4 0  9990
2 25504  24.9967  31.1965 0017111 205.2300 231.3150 14.44047280 46686
LANDSAT 7               
1 25682U 99020A   18232.44483065  .00000084  00000-0  28547-4 0  9995
2 25682  98.1671 301.4335 0001646  84.1839 275.9560 14.57133288 29104
DLR-TUBSAT              
1 25757U 99029B   18232.17283007 -.00000024  00000-0  54881-5 0  9997
2 25757  98.4042 149.1557 0015573  69.5736 290.7130 14.51386947 18700
QUIKSCAT                
1 25789U 99034A   18231.64818962 -.00000019  00000-0  98469-5 0  9997
2 25789  98.6055  58.4877 0001026 130.5139 229.6131 14.27328092998318
TERRA                   
1 25994U 99068A   18232.11566524  .00000082  00000-0  28244-4 0  9991
2 25994  98.2022 306.0473 0000782  87.0469 273.0822 14.57115770993135
MAROC-TUBSAT            
1 27004U 01056D   18231.35721675 -.00000027  00000-0  19580-4 0  9993
2 27004  99.4205   5.7170 0019117 306.9090 106.5426 13.70130276834683
AQUA                    
1 27424U 02022A   18231.58431713  .00000065  00000-0  24474-4 0  9998
2 27424  98.1977 171.8155 0000539 218.8027 136.1151 14.57126938866605
IRS-P6 (RESOURCESAT-1)  
1 28051U 03046A   18232.10069639 -.00000458  00000-0 -14527-3 0  9990
2 28051  98.5508 308.6609 0057300 204.3369 155.5115 14.34129878770731
SHIYAN 1 (SY-1)         
1 28220U 04012A   18231.46784789 -.00000187  00000-0 -10302-4 0  9997
2 28220  97.7510 189.0861 0008015 149.9773 210.1911 14.99608808780476
FORMOSAT-2 (ROCSAT 2)   
1 28254U 04018A   18232.11793065  .00000107  00000-0  10000-3 0  9994
2 28254  98.8065 283.1404 0002579  55.6650 357.1701 14.00671029728642
AURA                    
1 28376U 04026A   18231.59038423  .00000063  00000-0  23975-4 0  9996
2 28376  98.1973 173.9778 0001080 102.6492 257.4827 14.57121897749662
IRS-P5 (CARTOSAT-1)     
1 28649U 05017A   18232.07711696  .00000077  00000-0  15664-4 0  9995
2 28649  97.8193 303.6049 0003312  86.3099 273.8489 14.83475349719564
SINAH 1                 
1 28893U 05043D   18231.33978330  .00000013  00000-0  11685-4 0  9992
2 28893  97.9311  15.3775 0014037 241.3422 118.6369 14.61480728682992
EROS B                  
1 29079U 06014A   18232.10707352  .00001529  00000-0  68188-4 0  9991
2 29079  97.3938 349.9035 0004902 108.2580  17.0092 15.22895852683632
RESURS-DK 1             
1 29228U 06021A   18232.04864701  .00000036  00000-0  10052-4 0  9999
2 29228  69.9351  86.7884 0003343   3.4906 356.6277 15.02346544672504
ARIRANG-2 (KOMPSAT-2)   
1 29268U 06031A   18232.06918731  .00000039  00000-0  16917-4 0  9998
2 29268  98.0600 127.0281 0019371  96.6770 263.6642 14.62371245643679
LAPAN-TUBSAT            
1 29709U 07001A   18232.10463250  .00000001  00000-0  65449-5 0  9996
2 29709  97.7610 197.5256 0013851 125.9802 234.2700 14.82135588627513
CARTOSAT-2 (IRS-P7)     
1 29710U 07001B   18232.06992165  .00000238  00000-0  39347-4 0  9994
2 29710  97.8705 290.1675 0001302 130.9831 229.1492 14.78721355626576
HAIYANG-1B              
1 31113U 07010A   18232.14051943 -.00000019  00000-0  93584-5 0  9995
2 31113  98.5019 283.7245 0014590  27.3403 332.8549 14.30205512592780
COSMO-SKYMED 1          
1 31598U 07023A   18232.06833308 -.00000034  00000-0  22506-5 0  9993
2 31598  97.8904  54.7346 0001410  83.7029 276.4344 14.82161769605971
TERRASAR-X              
1 31698U 07026A   18228.82586262 -.00001186  00000-0 -53288-4 0  9990
2 31698  97.4463 235.4199 0001899  78.2159  19.5700 15.19142635619492
WORLDVIEW-1 (WV-1)      
1 32060U 07041A   18232.27602301  .00000611  00000-0  27819-4 0  9999
2 32060  97.3851 351.0234 0001888 104.8493 285.3398 15.24358464607629
YAOGAN 3                
1 32289U 07055A   18232.16931779 -.00000321  00000-0 -34622-4 0  9999
2 32289  98.0070 238.3263 0001529  71.0652 289.0734 14.80908113582222
COSMO-SKYMED 2          
1 32376U 07059A   18232.10208592  .00000069  00000-0  15198-4 0  9998
2 32376  97.8906  54.7655 0001458  86.8736 273.2623 14.82154493578725
RADARSAT-2              
1 32382U 07061A   18229.08819628 -.00000043  00000-0  18652-6 0  9992
2 32382  98.5765 235.4715 0001126  90.9376 357.8847 14.29983807557168
CARTOSAT-2A             
1 32783U 08021A   18232.11569679 -.00000160  00000-0 -14849-4 0  9993
2 32783  97.8716 290.3660 0013123  15.1424 345.0233 14.78702221556523
JASON-2 (OSTM)          
1 33105U 08032A   18231.83489580 -.00000053  00000-0  36176-4 0  9991
2 33105  66.0418 300.8890 0008202 266.7562 217.4176 12.87626604475773
RAPIDEYE 2              
1 33312U 08040A   18232.08768008 -.00000005  00000-0  60536-5 0  9998
2 33312  97.7827 305.7250 0013615  40.0526 320.1683 14.79893642538809
RAPIDEYE 5              
1 33313U 08040B   18232.11107230  .00000044  00000-0  12563-4 0  9995
2 33313  97.7917 304.2804 0015353 272.8311  87.1147 14.79894160538752
RAPIDEYE 1              
1 33314U 08040C   18232.09950539  .00000012  00000-0  83017-5 0  9999
2 33314  97.7840 305.4511 0025255  51.4375 308.9105 14.79895534538797
RAPIDEYE 3              
1 33315U 08040D   18232.06781392  .00000018  00000-0  90825-5 0  9997
2 33315  97.7943 304.0530 0012104 354.3012   5.8053 14.79893723538759
RAPIDEYE 4              
1 33316U 08040E   18232.12306157  .00000047  00000-0  12911-4 0  9998
2 33316  97.7971 303.8511 0010153 295.3959  64.6199 14.79892149538758
HUANJING 1A (HJ-1A)     
1 33320U 08041A   18232.11512111  .00000075  00000-0  17827-4 0  9994
2 33320  97.8833 293.3230 0027427  80.2516 280.1792 14.76947120536090
HUANJING 1B (HJ-1B)     
1 33321U 08041B   18232.09673544  .00000119  00000-0  24000-4 0  9990
2 33321  97.8893 294.8737 0036094  96.9080 263.6244 14.77039820536082
GEOEYE 1                
1 33331U 08042A   18232.20911834  .00000110  00000-0  29903-4 0  9990
2 33331  98.1274 306.1403 0009391   1.1223 359.0034 14.64273998531886
THEOS                   
1 33396U 08049A   18232.12477954  .00000169  00000-0  10000-3 0  9990
2 33396  98.7263 299.0316 0001170  87.9071 327.0079 14.20022066512359
COSMO-SKYMED 3          
1 33412U 08054A   18232.08944901  .00000350  00000-0  50500-4 0  9993
2 33412  97.8908  54.7550 0001633  90.6393 269.4997 14.82155415531185
YAOGAN 4                
1 33446U 08061A   18232.02347848  .00000064  00000-0  15886-4 0  9999
2 33446  97.6317 209.6991 0015633 352.1932   7.9033 14.76798187523318
GOSAT (IBUKI)           
1 33492U 09002A   18232.23892188  .00000716  00000-0  13454-3 0  9993
2 33492  98.0267 345.8174 0001418  68.9333 291.2070 14.67580794512755
YAOGAN 6                
1 34839U 09021A   18232.12026127  .00000405  00000-0  18157-4 0  9991
2 34839  97.0883 267.1398 0026903 234.9970 124.8744 15.26254744518008
DEIMOS-1                
1 35681U 09041A   18232.07850654  .00000134  00000-0  29126-4 0  9990
2 35681  97.9013 118.3587 0002734  59.6630 300.4857 14.71745176486224
DUBAISAT-1              
1 35682U 09041B   18232.17742920  .00000044  00000-0  15461-4 0  9995
2 35682  97.7504  76.6163 0010571 217.8419 142.2042 14.68684560485171
OCEANSAT-2              
1 35931U 09051A   18231.37546117  .00000047  00000-0  23128-4 0  9996
2 35931  98.3062 325.5186 0001608 346.1573  13.9577 14.50855020471447
WORLDVIEW-2 (WV-2)      
1 35946U 09055A   18232.09799197  .00000042  00000-0  28557-4 0  9990
2 35946  98.4662 307.8936 0001552 152.4507 207.6762 14.37592964465136
SMOS                    
1 36036U 09059A   18232.08683641  .00000001  00000-0  14062-4 0  9991
2 36036  98.4455  58.6621 0001293  86.2672 273.8664 14.39758883462339
YAOGAN 7                
1 36110U 09069A   18232.09804043  .00000012  00000-0  98478-5 0  9993
2 36110  98.2571  43.5060 0023961 182.2049 177.9049 14.75144547468119
TANDEM-X                
1 36605U 10030A   18231.52670645  .00000089  00000-0  74369-5 0  9995
2 36605  97.4457 238.0813 0001837  92.1084   7.0507 15.19152187452646
CARTOSAT-2B             
1 36795U 10035A   18232.08481531  .00000068  00000-0  16233-4 0  9998
2 36795  97.8690 290.0288 0016127  83.2958 277.0108 14.78704449437560
YAOGAN 10               
1 36834U 10038A   18232.06441127 -.00000005  00000-0  61986-5 0  9998
2 36834  97.9542 229.5122 0001589  69.5933 290.5451 14.80868845433955
COSMO-SKYMED 4          
1 37216U 10060A   18232.05145665  .00000609  00000-0  83007-4 0  9991
2 37216  97.8898  54.7150 0001467  76.2153 283.9206 14.82163490421267
RESOURCESAT-2           
1 37387U 11015A   18232.13487197 -.00004043  00000-0 -18272-2 0  9997
2 37387  98.7510 305.4419 0003207 159.8292 200.3021 14.21537648380622
HAIYANG 2A              
1 37781U 11043A   18232.11323055 -.00000036  00000-0  74223-5 0  9994
2 37781  99.3235 241.2094 0000552  19.7895 340.3282 13.78718653353082
RASAT                   
1 37791U 11044D   18232.09130888  .00000005  00000-0  99708-5 0  9993
2 37791  98.1273 323.8779 0021249 208.4563 151.5481 14.64677228374550
MEGHA-TROPIQUES         
1 37838U 11058A   18231.86088551  .00000289  00000-0  14452-4 0  9999
2 37838  19.9784  79.9823 0009503  81.9578 278.1905 14.09696814353665
SRMSAT                  
1 37841U 11058D   18231.59833637  .00000295  00000-0  17037-4 0  9995
2 37841  19.9729  63.2452 0011886 106.9790 293.6782 14.10611913353757
YAOGAN 13               
1 37941U 11072A   18232.08457176  .00000707  00000-0  38056-4 0  9999
2 37941  97.5043 160.9568 0002361  89.7104  96.2180 15.18065716372727
PLEIADES 1A             
1 38012U 11076F   18232.17172068 -.00000017  00000-0  60920-5 0  9998
2 38012  98.1974 306.2367 0001633  73.1971 286.9422 14.58550730355398
ZIYUAN 1-02C (ZY 1-02C) 
1 38038U 11079A   18232.09405072  .00000034  00000-0  26185-4 0  9996
2 38038  98.2876 285.5917 0000730  76.6648 283.4623 14.35473028349032
ZIYUAN 3 (ZY 3)         
1 38046U 12001A   18232.11573227  .00000605  00000-0  30222-4 0  9993
2 38046  97.4893 303.1460 0003385  53.7152  34.3606 15.21243526367168
RISAT-1                 
1 38248U 12017A   18225.66444272 -.00000069  00000-0 -38353-6 0  9994
2 38248  97.5703 233.0786 0005533  46.1138  89.5394 15.09573920346963
ARIRANG-3 (KOMPSAT-3)   
1 38338U 12025B   18232.09235301  .00000042  00000-0  17834-4 0  9997
2 38338  98.1287 169.3729 0011260  70.2785 289.9636 14.61704551333835
KANOPUS-V 1             
1 38707U 12039A   18232.08389067  .00000237  00000-0  14582-4 0  9993
2 38707  97.4516 149.7121 0001634  72.6885  54.8041 15.18885078337190
EXACTVIEW-1 (ADS-1B)    
1 38709U 12039C   18232.17148879 -.00000031  00000-0  70905-5 0  9994
2 38709  99.1384 229.6369 0012171 100.1686 260.0865 14.23970490315885
SPOT 6                  
1 38755U 12047A   18232.11892356 -.00000032  00000-0  29049-5 0  9998
2 38755  98.1704 298.5061 0001225  72.4964 287.6375 14.58569173316469
PLEIADES 1B             
1 39019U 12068A   18232.06908704 -.00000028  00000-0  39009-5 0  9996
2 39019  98.1997 306.1463 0001414  81.7368 278.3990 14.58546235304236
GOKTURK 2               
1 39030U 12073A   18232.05107231  .00000025  00000-0  11616-4 0  9999
2 39030  97.9468 121.7995 0002427 102.9729 257.1751 14.72724869303676
LANDSAT 8               
1 39084U 13008A   18232.20518244  .00000021  00000-0  14661-4 0  9993
2 39084  98.2252 301.4467 0001371  99.7584 260.3770 14.57103623293532
SARAL                   
1 39086U 13009A   18232.18544225 -.00000001  00000-0  15734-4 0  9992
2 39086  98.5415  58.0704 0002241  77.7371 282.4063 14.32020693286501
GAOFEN 1                
1 39150U 13018A   18232.08692414  .00000047  00000-0  13967-4 0  9992
2 39150  97.9249 313.5474 0020356 111.1616 249.1775 14.76519484286538
VNREDSAT 1              
1 39160U 13021B   18232.10007665  .00000032  00000-0  15664-4 0  9998
2 39160  98.2167 304.4775 0001463  56.1516 303.9832 14.62851083282314
ARIRANG-5 (KOMPSAT-5)   
1 39227U 13042A   18232.11963951 -.00000264  00000-0 -14540-4 0  9996
2 39227  97.6158  55.6556 0002242  84.7529  31.2291 15.04513185274181
YAOGAN 18               
1 39363U 13059A   18232.12252331  .00000408  00000-0  23272-4 0  9999
2 39363  97.3417 294.2659 0002596 106.9438 335.9936 15.17990059266397
SKYSAT-1                
1 39418U 13066C   18232.14627422 -.00000656  00000-0 -49399-4 0  9992
2 39418  97.6723 314.1974 0021061 286.4903  73.4031 14.98699737259324
DUBAISAT-2              
1 39419U 13066D   18232.10622329  .00000043  00000-0  93129-5 0  9999
2 39419  97.6332 298.8085 0012329 279.4838  80.4948 14.93876788258533
GPM-CORE                
1 39574U 14009C   18231.60343866  .00001638  00000-0  28205-4 0  9992
2 39574  65.0068 262.9756 0011407 285.0295  74.9588 15.55467178254175
SENTINEL-1A             
1 39634U 14016A   18232.17312715 -.00000017  00000-0  60861-5 0  9995
2 39634  98.1828 238.6954 0001286  77.8007 282.3341 14.59197857233250
KAZEOSAT 1              
1 39731U 14024A   18232.09533478 -.00000009  00000-0  10421-4 0  9991
2 39731  98.3850 309.4808 0001208  97.2931 262.8402 14.42020927226704
ALOS-2                  
1 39766U 14029A   18232.11014435  .00000133  00000-0  24739-4 0  9998
2 39766  97.9229 328.2810 0001580  88.1612 271.9798 14.79473202229022
KAZEOSAT 2              
1 40010U 14033A   18232.04242813  .00000027  00000-0  10096-4 0  9995
2 40010  97.8623 132.0267 0015630 324.7992  35.2203 14.82071610225468
HODOYOSHI-4             
1 40011U 14033B   18232.05870954  .00000064  00000-0  15098-4 0  9998
2 40011  97.8460 127.1888 0025958 318.9091  41.0172 14.81025575225234
DEIMOS-2                
1 40013U 14033D   18232.03979022 -.00000696  00000-0 -75939-4 0  9997
2 40013  97.8567 135.7959 0002239  52.9248 307.2188 14.84699465225843
HODOYOSHI-3             
1 40015U 14033F   18231.62516731  .00000117  00000-0  23081-4 0  9994
2 40015  97.8248 119.1348 0036355 330.7027  29.2145 14.78406412224751
SPOT 7                  
1 40053U 14034A   18232.08525813 -.00000033  00000-0  26574-5 0  9998
2 40053  98.1835 298.7072 0001283  71.5717 288.5624 14.58561706220399
SKYSAT-2                
1 40072U 14037D   18232.00389399  .00000064  00000-0  15671-4 0  9999
2 40072  98.3816   6.2310 0007203 110.1536 250.0444 14.81106730222456
WORLDVIEW-3 (WV-3)      
1 40115U 14048A   18232.09491698  .00000049  00000-0  12010-4 0  9991
2 40115  97.8365 311.2052 0001478  36.5826 323.5479 14.84975545217752
YAOGAN 21               
1 40143U 14053A   18232.16343198  .00000848  00000-0  36890-4 0  9996
2 40143  97.2658 298.8182 0013380 110.0543 278.1809 15.24833953219772
YAOGAN 22               
1 40275U 14063A   18232.05767339 -.00000045  00000-0  00000+0 0  9997
2 40275 100.4466 343.6631 0006467 171.7370 188.3849 13.15329798184020
ASNARO                  
1 40298U 14070A   18232.09950326  .00000892  00000-0  45082-4 0  9997
2 40298  97.4644 313.8501 0002066  90.8595  25.0895 15.19627010209990
HODOYOSHI-1             
1 40299U 14070B   18232.18314912  .00000591  00000-0  28054-4 0  9999
2 40299  97.3748 312.8215 0014059  31.8915  21.9812 15.22983417210224
QSAT-EOS                
1 40301U 14070D   18232.04461898  .00001527  00000-0  63582-4 0  9999
2 40301  97.3564 309.9278 0027430  30.6805  90.4172 15.24950508210151
YAOGAN 23               
1 40305U 14071A   18232.10565237  .00000523  00000-0  29001-4 0  9996
2 40305  97.4608 168.1653 0001187  77.1994  50.9478 15.17986663208490
YAOGAN 24               
1 40310U 14072A   18232.13011626  .00000060  00000-0  15834-4 0  9999
2 40310  98.0499 355.1970 0018086 126.0850 234.2039 14.77225154202043
CBERS 4                 
1 40336U 14079A   18232.09505105 -.00000017  00000-0  88252-5 0  9997
2 40336  98.4104 302.1020 0001003 105.9101 254.2203 14.35484062193944
RESURS P2               
1 40360U 14087A   18232.08699253  .00000600  00000-0  21375-4 0  9999
2 40360  97.2686 323.2257 0010987  59.1856  61.5499 15.32700964204069
YAOGAN 26               
1 40362U 14088A   18232.19150466  .00001022  00000-0  41779-4 0  9991
2 40362  97.3195 308.5183 0004093 184.5358 259.5983 15.26582533203207
SMAP                    
1 40376U 15003A   18232.10595509 -.00000019  00000-0  54086-5 0  9998
2 40376  98.1211 238.4879 0000559  30.5103 329.6114 14.63360115189628
KOMPSAT-3A              
1 40536U 15014A   18232.07788694  .00000161  00000-0  13045-4 0  9999
2 40536  97.5188 169.3483 0010222 295.7006 186.6786 15.12249824187868
SENTINEL-2A             
1 40697U 15028A   18232.13057972 -.00000121  00000-0 -29425-4 0  9994
2 40697  98.5642 305.9263 0001087  88.8904 271.2426 14.30817645165031
CARBONITE 1 (CBNT-1)    
1 40718U 15032D   18232.00789485  .00000012  00000-0  93456-5 0  9993
2 40718  97.9203 120.8773 0016074 196.3547 163.7154 14.74612960167442
YAOGAN 27               
1 40878U 15040A   18232.09400853 -.00000044  00000-0  00000+0 0  9990
2 40878 100.3383 289.1095 0007754 313.8909  46.1564 13.15959967143231
LAPAN-A2                
1 40931U 15052B   18232.02301953  .00000631  00000-0 -12286-5 0  9994
2 40931   6.0000  54.9076 0012856 191.9455 168.0587 14.76581479156450
YAOGAN 28               
1 41026U 15064A   18232.12463053  .00001050  00000-0  38692-4 0  9997
2 41026  97.3680 359.9994 0008039 231.8176 249.9181 15.30032743155344
YAOGAN 29               
1 41038U 15069A   18232.05658499  .00000000  00000-0  68411-5 0  9994
2 41038  97.9437 213.8304 0000711  90.2599 269.8701 14.80372387147537
KENT RIDGE 1            
1 41167U 15077B   18232.22367141  .00000680  00000-0  14666-5 0  9993
2 41167  14.9837 299.7004 0011351 152.8394  77.2383 15.08920094147838
TELEOS 1                
1 41169U 15077D   18231.66108796  .00001057  00000-0  23670-4 0  9994
2 41169  14.9820 297.5460 0010006 155.7935  95.9647 15.09942727147808
JASON-3                 
1 41240U 16002A   18232.19379792 -.00002613  00000-0 -11076-1 0  9993
2 41240  66.0412 311.0867 0007963 264.7657  95.2450 12.80928072121097
SENTINEL-3A             
1 41335U 16011A   18232.14350880 -.00000021  00000-0  92168-5 0  9995
2 41335  98.6193 298.4286 0001049  90.0901 270.0400 14.26739320130527
SENTINEL-1B             
1 41456U 16025A   18232.06978698 -.00000018  00000-0  59882-5 0  9990
2 41456  98.1828 238.4199 0001375  82.0189 278.1178 14.59197453123400
ZIYUAN 3-2 (ZY 3-2)     
1 41556U 16033A   18232.10040948  .00000513  00000-0  25978-4 0  9990
2 41556  97.4268 309.0542 0001250 105.2046 342.5023 15.21350048123451
NUSAT-1 (FRESCO)        
1 41557U 16033B   18232.22555140  .00001102  00000-0  44331-4 0  9998
2 41557  97.4357 316.2924 0011890 288.0211  71.9732 15.27003564123937
NUSAT-2 (BATATA)        
1 41558U 16033C   18232.20859899  .00001172  00000-0  45204-4 0  9992
2 41558  97.4377 316.4413 0011617 292.2774  67.7234 15.28302511123927
CARTOSAT-2C             
1 41599U 16040A   18232.10390596  .00000361  00000-0  20278-4 0  9991
2 41599  97.4047 291.9794 0014584  24.9314  38.8355 15.19275759119775
SKYSAT-C1               
1 41601U 16040C   18232.10613583  .00000499  00000-0  24383-4 0  9992
2 41601  97.5670 306.5898 0001752  81.2619   6.2278 15.22898360120001
LAPAN-A3                
1 41603U 16040E   18232.14576149  .00000188  00000-0  11989-4 0  9997
2 41603  97.4062 292.4885 0014320  22.8788  61.0639 15.19594372119795
BIROS                   
1 41604U 16040F   18231.75752089  .00000399  00000-0  20831-4 0  9993
2 41604  97.4084 293.6622 0012824  15.8862 344.2773 15.21426590119833
SKYSAT-C4               
1 41771U 16058B   18232.12819484  .00000499  00000-0  24111-4 0  9998
2 41771  97.3489 302.0200 0001621  80.9479 335.9428 15.23047102106956
SKYSAT-C5               
1 41772U 16058C   18232.13716600  .00000611  00000-0  28849-4 0  9994
2 41772  97.3472 301.7458 0002658  54.4595   2.6001 15.23071412106941
SKYSAT-C2               
1 41773U 16058D   18232.16735420  .00000419  00000-0  20753-4 0  9991
2 41773  97.3479 302.1292 0001619  49.1692   2.7715 15.22997293106952
SKYSAT-C3               
1 41774U 16058E   18232.18237321  .00000515  00000-0  24883-4 0  9996
2 41774  97.3483 302.1090 0001357  65.0740 347.2563 15.22897104106952
ALSAT 1B                
1 41785U 16059C   18232.10829486 -.00000006  00000-0  82812-5 0  9993
2 41785  98.1106 292.9460 0029900 252.7222 107.0711 14.63293490101309
PATHFINDER 1            
1 41787U 16059E   18232.17676299  .00000023  00000-0  13755-4 0  9991
2 41787  98.1105 293.4211 0029598 251.9299 107.8688 14.63615390101339
SCATSAT 1               
1 41790U 16059H   18231.55377660 -.00000005  00000-0  99551-5 0  9996
2 41790  98.2545 278.1755 0016908 256.4807 103.4504 14.50864944100370
WORLDVIEW-4 (WV-4)      
1 41848U 16067A   18232.19525215  .00000061  00000-0  13438-4 0  9991
2 41848  97.9085 308.8872 0002722  74.9027 285.2488 14.84968243 95924
GOKTURK 1A              
1 41875U 16073A   18232.05677064  .00000019  00000-0  12820-4 0  9990
2 41875  98.1100 125.6378 0001424  76.0442 284.0928 14.62794576 90993
RESOURCESAT-2A          
1 41877U 16074A   18232.10088059 -.00000008  00000-0  16095-4 0  9996
2 41877  98.6683 305.9552 0001548 111.5271 248.6075 14.21649920 88224
CARTOSAT-2D             
1 41948U 17008A   18231.60028097  .00000404  00000-0  22409-4 0  9998
2 41948  97.4398 292.3833 0007351 153.1679 206.9937 15.19236285 83566
SENTINEL-2B             
1 42063U 17013A   18232.09554124  .00000003  00000-0  17841-4 0  9991
2 42063  98.5642 305.8813 0001187  92.4814 267.6520 14.30821643 75949
ZHUHAI-1 02 (CAS 4B)    
1 42759U 17034B   18232.14144360  .00000168  00000-0  23907-4 0  9991
2 42759  43.0204  92.1547 0008540 151.5097 354.7333 15.09343866 65111
NUSAT-3 (MILANESAT)     
1 42760U 17034C   18232.12684753  .00000330  00000-0  33951-4 0  9997
2 42760  43.0186  92.8487 0007472 158.2160 346.0312 15.09198983 65119
ZHUHAI-1 01 (CAS 4A)    
1 42761U 17034D   18232.11910676  .00000106  00000-0  20041-4 0  9990
2 42761  43.0193  92.0083 0008840 152.5949 349.1459 15.09419318 65107
CARTOSAT-2E             
1 42767U 17036C   18231.60784562  .00000398  00000-0  22063-4 0  9993
2 42767  97.3945 288.9751 0008416 197.6716 162.4227 15.19289029 64135
FORMOSAT-5              
1 42920U 17049A   18232.12557334 -.00000018  00000-0  68781-5 0  9999
2 42920  98.3584 307.9741 0009790 209.0007 151.0641 14.50804798 52258
SENTINEL-5P             
1 42969U 17064A   18231.41080289 -.00000023  00000-0  10057-4 0  9998
2 42969  98.7397 170.2928 0001150  85.7963 274.3344 14.19540405 43972
SKYSAT-C11              
1 42987U 17068A   18232.24147764  .00000529  00000-0  26626-4 0  9995
2 42987  97.4088 345.1682 0009520 191.3449 168.7574 15.21423978 44406
SKYSAT-C10              
1 42988U 17068B   18232.22966046  .00000517  00000-0  26065-4 0  9990
2 42988  97.4085 345.0669 0003908 201.6745 158.4326 15.21428639 44406
SKYSAT-C9               
1 42989U 17068C   18232.21548355  .00000516  00000-0  25928-4 0  9995
2 42989  97.4101 345.4486 0000747 242.2180 117.8980 15.21575239 44425
SKYSAT-C8               
1 42990U 17068D   18232.21066546  .00000531  00000-0  26736-4 0  9999
2 42990  97.4103 345.3131 0004125 247.5782 112.5017 15.21396792 44412
SKYSAT-C7               
1 42991U 17068E   18232.13248308  .00000483  00000-0  24628-4 0  9993
2 42991  97.4102 345.2568 0004549 267.0195  93.0520 15.21384647 44407
SKYSAT-C6               
1 42992U 17068F   18232.26283487  .00000444  00000-0  22830-4 0  9995
2 42992  97.4079 345.5685 0011217 323.6713  90.9932 15.21416409 44437
CARTOSAT-2F             
1 43111U 18004A   18232.17582102  .00000390  00000-0  21740-4 0  9995
2 43111  97.4776 292.6422 0003631 202.4158 157.6918 15.19246137 33400
MICROSAT-TD             
1 43128U 18004T   18232.14115856  .00016385  00000-0  13277-3 0  9994
2 43128  96.8526 290.3011 0011503 216.0556 143.9933 15.70751045 34517
NUSAT-4 (ADA)           
1 43195U 18015D   18232.05507530  .00000924  00000-0  41765-4 0  9990
2 43195  97.3598 359.6752 0016093 289.6937 158.8698 15.23326974 30252
NUSAT-5 (MARYAM)        
1 43204U 18015K   18232.19253567  .00000998  00000-0  44832-4 0  9993
2 43204  97.3593 359.8151 0016305 289.0301 205.8323 15.23357881 29873
SENTINEL-3B             
1 43437U 18039A   18231.79251430 -.00000021  00000-0  93338-5 0  9993
2 43437  98.6192 297.9588 0001235  96.0142 264.1179 14.26739751 16539
