SARSAT 7 (NOAA 15)      
1 25338U 98030A   18231.69759090  .00000025  00000-0  29259-4 0  9999
2 25338  98.7680 248.1671 0011312  47.6771 312.5365 14.25871250 54065
METEOSAT-8 (MSG-1)      
1 27509U 02040B   18231.13333441  .00000120  00000-0  00000-0 0  9999
2 27509   5.5704  56.7366 0000926  36.0045 324.1624  1.00265440 58595
GPS BIIR-08             
1 27663U 03005A   18231.32984637 -.00000097  00000-0  00000-0 0  9996
2 27663  56.5086 328.1879 0098580  28.8709  30.9737  2.00563191113975
GPS BIIR-11             
1 28190U 04009A   18231.59753854 -.00000072  00000-0  00000-0 0  9994
2 28190  56.1962  29.0054 0095548  71.8054 327.4902  2.00558438105656
GPS BIIR-12             
1 28361U 04023A   18231.44580682  .00000040  00000-0  00000-0 0  9995
2 28361  54.0606 202.5288 0128309 227.0204 339.1471  2.00554593103702
GPS BIIR-13             
1 28474U 04045A   18231.68148688 -.00000054  00000-0  00000+0 0  9991
2 28474  54.5073  80.1016 0181887 254.8788 120.4150  2.00549360101095
SARSAT 10 (NOAA 18)     
1 28654U 05018A   18231.65117887 -.00000030  00000-0  91496-5 0  9995
2 28654  99.1405 268.3800 0013459 312.1796  47.8231 14.12382686682735
GPS BIIR-14M            
1 28874U 05038A   18231.56563149 -.00000074  00000-0  00000-0 0  9991
2 28874  56.3345  26.3246 0127034 258.3100 143.2160  2.00572639 94505
METEOSAT-9 (MSG-2)      
1 28912U 05049B   18231.65129810 -.00000002  00000-0  00000+0 0  9999
2 28912   3.0458  71.6857 0001045  22.5349 111.3950  1.00271948 46410
GOES 13                 
1 29155U 06018A   18231.25811757 -.00000302  00000-0  00000+0 0  9993
2 29155   0.0420 229.0363 0006601 194.1400 296.8794  1.00260222 44858
SARSAT 11 (METOP-A)     
1 29499U 06044A   18232.23499882 -.00000022  00000-0  98233-5 0  9993
2 29499  98.6215 288.2587 0001701  63.4491   8.1978 14.21528948614099
GPS BIIR-16M            
1 29601U 06052A   18231.05619232 -.00000097  00000-0  00000-0 0  9991
2 29601  56.4850 327.1150 0068547  57.7261 302.9679  2.00550937 86062
GPS BIIR-17M            
1 32260U 07047A   18231.38298167  .00000032  00000-0  00000+0 0  9994
2 32260  53.1847 198.4967 0103815  38.9940 321.7275  2.00548558 79503
GPS BIIR-18M            
1 32384U 07062A   18231.56094552 -.00000073  00000-0  00000+0 0  9996
2 32384  56.4100  26.9389 0005992  86.0362 179.8960  2.00567388 78234
SARSAT 12 (NOAA 19)     
1 33591U 09005A   18231.68899653  .00000060  00000-0  57595-4 0  9995
2 33591  99.1471 210.9937 0014511 145.0128 215.1999 14.12301407491135
GOES 14                 
1 35491U 09033A   18231.37995131 -.00000112  00000-0  00000+0 0  9994
2 35491   0.4206 276.7548 0010087 298.8057 144.3607  1.00276054 33499
GOES 15                 
1 36411U 10008A   18231.46458177  .00000068  00000-0  00000+0 0  9994
2 36411   0.3584 100.4774 0002185  98.9208 160.5826  1.00282479 31029
GLONASS-K 1             
1 37372U 11009A   18231.24375766 -.00000022  00000-0  00000-0 0  9993
2 37372  65.6074  50.1860 0007192 223.1070 130.2086  2.13107602 58168
GPS BIIF-2              
1 37753U 11036A   18231.44564507 -.00000053  00000-0  00000-0 0  9995
2 37753  55.7055  83.7138 0079292  37.6750 293.9925  2.00564731 51936
GSAT0101 (GALILEO-PFM)  
1 37846U 11060A   18231.42098711 -.00000048  00000-0  00000+0 0  9995
2 37846  56.1556  59.7568 0002675  17.4908 342.5730  1.70476070 42515
GSAT0102 (GALILEO-FM2)  
1 37847U 11060B   18231.05582102 -.00000050  00000-0  00000-0 0  9991
2 37847  56.1561  59.7661 0002848 334.0225 208.0264  1.70475916 42389
LUCH 5A                 
1 37951U 11074B   18231.54042132 -.00000065  00000-0  00000-0 0  9996
2 37951   1.9529 144.9365 0001526 337.8743 206.6851  1.00268861 24527
METEOSAT-10 (MSG-3)     
1 38552U 12035B   18231.03864340  .00000048  00000-0  00000+0 0  9998
2 38552   1.0505 350.1254 0002375 102.7880 258.1040  1.00280969 22547
SARSAT 13 (METOP-B)     
1 38771U 12049A   18231.58538602 -.00000020  00000-0  10491-4 0  9996
2 38771  98.6669 289.8858 0002319  97.2860  33.4488 14.21510372307148
GPS BIIF-3              
1 38833U 12053A   18230.97100002  .00000026  00000-0  00000-0 0  9997
2 38833  53.9126 260.9108 0069998  28.9330 331.5083  2.00567987 42200
GSAT0103 (GALILEO-FM3)  
1 38857U 12055A   18229.70228960  .00000009  00000-0  00000-0 0  9999
2 38857  54.9131 180.2421 0004473 263.4432  96.4738  1.70473812 36397
GSAT0104 (GALILEO-FM4)  
1 38858U 12055B   18230.22311791  .00000007  00000-0  00000-0 0  9992
2 38858  54.9136 180.2269 0003400 270.1175  89.8116  1.70473837 36406
GPS BIIF-4              
1 39166U 13023A   18231.32957974 -.00000078  00000-0  00000-0 0  9991
2 39166  56.0291  23.2096 0059226  24.2047 336.0842  2.00562058 38549
INSAT-3D                
1 39216U 13038B   18230.86321471 -.00000176  00000-0  00000-0 0  9997
2 39216   0.0879 280.1192 0001308 244.0204 195.8525  1.00271315 18451
GPS BIIF-5              
1 39533U 14008A   18231.32964526  .00000020  00000-0  00000+0 0  9999
2 39533  54.0543 266.2548 0036599 192.0841 167.8876  2.00560223 32891
LUCH 5V                 
1 39727U 14023A   18232.22890043 -.00000284  00000-0  00000+0 0  9996
2 39727   1.8476 299.6101 0001985 215.9256 350.0686  1.00268626533861
GPS BIIF-6              
1 39741U 14026A   18231.60695722 -.00000052  00000-0  00000-0 0  9997
2 39741  55.6885  83.2306 0011950 293.1722  66.7740  2.00562735 31203
GPS BIIF-7              
1 40105U 14045A   18231.19708872  .00000043  00000-0  00000-0 0  9998
2 40105  54.5868 202.6775 0007172 106.1103 253.9509  2.00576277 28768
GSAT0201 (GALILEO 5)    
1 40128U 14050A   18231.57223226 -.00000100  00000-0  00000-0 0  9991
2 40128  50.4994  28.0545 1654830  77.8668 300.1576  1.85519028 25313
GSAT0202 (GALILEO 6)    
1 40129U 14050B   18231.29938460 -.00000101  00000-0  00000+0 0  9994
2 40129  50.5473  27.0776 1654854  78.7667 299.3479  1.85519671 27415
GPS BIIF-8              
1 40294U 14068A   18231.07406803 -.00000050  00000-0  00000-0 0  9997
2 40294  55.0848 143.4769 0015396  25.2727 334.8219  2.00560742 27863
GLONASS-K 2             
1 40315U 14075A   18231.49271861 -.00000016  00000-0  00000-0 0  9991
2 40315  64.1898 290.3060 0017130 207.8995  88.6154  2.13098665 28937
GPS BIIF-9              
1 40534U 15013A   18230.70970720 -.00000094  00000-0  00000-0 0  9996
2 40534  54.7125 322.3023 0028224   0.1865 359.8528  2.00559966 24474
GSAT0203 (GALILEO 7)    
1 40544U 15017A   18230.02654328 -.00000054  00000-0  00000+0 0  9994
2 40544  55.9450  60.0241 0001727 215.2448 144.7956  1.70475094 21100
GSAT0204 (GALILEO 8)    
1 40545U 15017B   18231.56872566 -.00000048  00000-0  00000+0 0  9994
2 40545  55.9526  59.9939 0002285 139.6205 220.4518  1.70475469 21131
GPS BIIF-10             
1 40730U 15033A   18230.87055905 -.00000080  00000-0  00000-0 0  9998
2 40730  55.5583  22.7052 0035679 333.6438  26.1866  2.00571138 22667
METEOSAT-11 (MSG-4)     
1 40732U 15034A   18230.76988870 -.00000022  00000-0  00000-0 0  9991
2 40732   1.2614 244.7414 0001539 238.8226 120.5850  1.00275066 11377
GSAT0205 (GALILEO 9)    
1 40889U 15045A   18231.22467654 -.00000046  00000-0  00000+0 0  9995
2 40889  56.6869 300.4473 0000976 330.8541  29.2046  1.70475354 18275
GSAT0206 (GALILEO 10)   
1 40890U 15045B   18229.09812359 -.00000052  00000-0  00000+0 0  9992
2 40890  56.6878 300.5023 0001194 231.6615 128.3928  1.70475311 18264
GPS BIIF-11             
1 41019U 15062A   18230.92218346 -.00000049  00000-0  00000-0 0  9992
2 41019  55.0891 143.2878 0037913 203.9075 155.9364  2.00564478 20480
GSAT0209 (GALILEO 12)   
1 41174U 15079A   18231.02900643  .00000002  00000-0  00000+0 0  9999
2 41174  54.9266 179.8974 0005958 298.5872  61.3203  1.70473192 16617
GSAT0208 (GALILEO 11)   
1 41175U 15079B   18231.24887466  .00000001  00000-0  00000+0 0  9990
2 41175  54.9250 179.8917 0005104 298.1662  61.7493  1.70473221 16623
GPS BIIF-12             
1 41328U 16007A   18231.01026575  .00000045  00000-0  00000-0 0  9992
2 41328  54.8362 202.9925 0024412 219.5932 140.2111  2.00560849 18543
GSAT0211 (GALILEO 14)   
1 41549U 16030A   18231.37076161 -.00000045  00000-0  00000+0 0  9998
2 41549  56.8263 300.2283 0003269 256.0516 103.9767  1.70475126 13918
GSAT0210 (GALILEO 13)   
1 41550U 16030B   18231.66392064 -.00000043  00000-0  00000+0 0  9993
2 41550  56.8256 300.2223 0004167 231.3462 128.6817  1.70475147 13913
GSAT0207 (GALILEO 15)   
1 41859U 16069A   18230.14922406  .00000007  00000-0  00000-0 0  9998
2 41859  54.5851 180.4527 0005760 288.2713  71.6338  1.70473150 10808
GSAT0212 (GALILEO 16)   
1 41860U 16069B   18228.82945296  .00000012  00000-0  00000-0 0  9990
2 41860  54.5829 180.4895 0004799 302.5429  57.3767  1.70473054 10875
GSAT0213 (GALILEO 17)   
1 41861U 16069C   18230.36894197  .00000006  00000-0  00000+0 0  9998
2 41861  54.5850 180.4492 0004727 270.7753  89.1383  1.70473234 10901
GSAT0214 (GALILEO 18)   
1 41862U 16069D   18230.51572340  .00000005  00000-0  00000+0 0  9998
2 41862  54.5833 180.4415 0003987 275.6494  84.2728  1.70473154 10899
GOES 16                 
1 41866U 16071A   18231.29892721 -.00000268  00000-0  00000+0 0  9991
2 41866   0.0092 104.0118 0000469  21.6967 234.2959  1.00269369  6447
GSAT0215 (GALILEO 19)   
1 43055U 17079A   18231.58840623 -.00000044  00000-0  00000+0 0  9990
2 43055  56.8005 300.0771 0003810 222.0875 137.9483  1.70474263  4259
GSAT0216 (GALILEO 20)   
1 43056U 17079B   18231.29500822 -.00000045  00000-0  00000+0 0  9994
2 43056  56.8011 300.0847 0005384 237.4725 122.5400  1.70474423  4238
GSAT0217 (GALILEO 21)   
1 43057U 17079C   18230.34181619 -.00000049  00000-0  00000+0 0  9993
2 43057  56.7999 300.1123 0004551 242.8565 117.1610  1.70474366  4237
GSAT0218 (GALILEO 22)   
1 43058U 17079D   18231.73495358 -.00000043  00000-0  00000+0 0  9990
2 43058  56.7990 300.0715 0005930 236.7809 123.2277  1.70474371  4266
