AKEBONO (EXOS-D)        
1 19822U 89016A   18231.25739144  .00009420  90068-6  17793-3 0  9990
2 19822  75.0362 152.0960 1836508 259.4109  79.5938 11.85219039959644
HST                     
1 20580U 90037B   18232.10762731  .00000407  00000-0  13891-4 0  9994
2 20580  28.4700  52.5440 0002857 106.7100 189.0822 15.09078305355130
POLAR                   
1 23802U 96013A   18231.19635578  .00000160  00000-0  00000+0 0  9999
2 23802  78.6265 260.6021 7019918 306.1247   7.8382  1.29844637107714
SWAS                    
1 25560U 98071A   18232.22420158  .00000078  00000-0  16007-4 0  9996
2 25560  69.8974 262.0913 0011217 266.3178  93.6695 14.93621187 69602
ORSTED                  
1 25635U 99008B   18232.03542604  .00000066  00000-0  23732-4 0  9990
2 25635  96.4497  42.0358 0137686 320.1449  38.9700 14.48094377 28293
CXO                     
1 25867U 99040B   18232.75619819  .00000432  00000-0  00000+0 0  9990
2 25867  70.7972 281.6723 6917217 240.7952   0.1878  0.37802578 17678
XMM-NEWTON              
1 25989U 99066A   18233.44294638 -.00000050  00000-0  00000+0 0  9995
2 25989  70.4159 343.8929 7932322  95.8038   0.5167  0.50135270 23041
TERRA                   
1 25994U 99068A   18232.11566524  .00000082  00000-0  28244-4 0  9991
2 25994  98.2022 306.0473 0000782  87.0469 273.0822 14.57115770993135
CLUSTER II-FM7 (SAMBA)  
1 26410U 00041A   18229.84866532 -.00000224  00000-0  00000+0 0  9990
2 26410 130.9836 336.5470 4131479 163.6192 359.3508  0.44101421 19381
CLUSTER II-FM6 (SALSA)  
1 26411U 00041B   18234.53243124 -.00000450  00000-0  00000+0 0  9990
2 26411 130.1783 337.7525 4994280 171.8777 359.4286  0.44126832 19484
CLUSTER II-FM5 (RUMBA)  
1 26463U 00045A   18232.21001556 -.00000393  00000-0  00000-0 0  9992
2 26463 133.7576 336.5952 4677229 170.4411 359.4918  0.44161998  7573
CLUSTER II-FM8 (TANGO)  
1 26464U 00045B   18228.93659947 -.00000176  00000-0  00000+0 0  9998
2 26464 130.9789 336.5379 4127400 163.7409 215.0739  0.44220028 55295
ODIN                    
1 26702U 01007A   18231.52170979  .00000630  00000-0  45420-4 0  9998
2 26702  97.5909 248.4595 0011981  37.2003 323.0053 15.07644564955579
TIMED                   
1 26998U 01055B   18231.35974763  .00000098  00000-0  14725-4 0  9994
2 26998  74.0723 183.0333 0000441 259.3713 100.7418 14.88039376905115
RHESSI                  
1 27370U 02004A   18231.57085717  .00001699  00000-0  60962-4 0  9992
2 27370  38.0330 313.2615 0013404 284.5699  75.3584 15.30444345911886
INTEGRAL                
1 27540U 02048A   18208.10852247  .00000894  00000-0  00000-0 0  9991
2 27540  48.7910 166.2058 8551609 269.0116   0.2753  0.37518873 15821
CORIOLIS                
1 27640U 03001A   18231.55239171 -.00000010  00000-0  15991-4 0  9992
2 27640  98.7376 240.8338 0014611 152.6208   7.3070 14.18985825808695
SORCE                   
1 27651U 03004A   18231.81892545  .00000047  00000-0  19177-4 0  9995
2 27651  39.9959  92.5857 0022076   2.6120 357.4781 14.88885549844697
MOST                    
1 27843U 03031D   18231.84982166 -.00000014  00000-0  13791-4 0  9991
2 27843  98.7128 238.8371 0009313 213.1592 146.9002 14.20572821784814
SCISAT 1                
1 27858U 03036A   18231.53045494  .00000003  00000-0  53897-5 0  9991
2 27858  73.9322  63.0551 0006884  61.1964 298.9900 14.77210416809020
SWIFT                   
1 28485U 04047A   18231.56609108  .00000819  00000-0  25842-4 0  9995
2 28485  20.5576  18.8559 0011012 251.6869 108.2367 15.04167861752787
FORMOSAT-3 FM6          
1 29047U 06011A   18231.43687519 -.00000032  00000-0  34146-5 0  9997
2 29047  71.9793  33.3134 0049236 134.7743 225.7415 14.28647709645931
FORMOSAT-3 FM1          
1 29048U 06011B   18231.64475663 -.00000015  00000-0  10263-4 0  9990
2 29048  71.9675 304.5737 0042002  89.6678 270.9271 14.28584219648438
FORMOSAT-3 FM5          
1 29049U 06011C   18231.68343131 -.00000014  00000-0  10678-4 0  9998
2 29049  72.0202 112.3684 0033675 124.2374 236.1961 14.28661396644223
FORMOSAT-3 FM3          
1 29050U 06011D   18231.79285515  .00000067  00000-0  24453-4 0  9996
2 29050  72.0173 326.3513 0048088  98.2363 262.4247 14.58691544659060
FORMOSAT-3 FM4          
1 29051U 06011E   18231.48652796  .00000033  00000-0  28834-4 0  9992
2 29051  72.0069  16.0691 0068615 358.6265   1.4672 14.28689516646788
FORMOSAT-3 FM2          
1 29052U 06011F   18232.09264370  .00000074  00000-0  45279-4 0  9995
2 29052  72.0337  87.0562 0038757  82.8989 277.6552 14.28787129645192
CLOUDSAT                
1 29107U 06016A   18231.81326366  .00000057  00000-0  21039-4 0  9993
2 29107  98.0803 175.2667 0006701 357.4625   2.6541 14.60900618654917
CALIPSO                 
1 29108U 06016B   18231.58608358  .00000070  00000-0  25476-4 0  9996
2 29108  98.2045 174.0774 0001424  80.8374 279.2986 14.57119207654725
HINODE (SOLAR-B)        
1 29479U 06041A   18231.44946157  .00000079  00000-0  23900-4 0  9991
2 29479  98.1697 237.9337 0016052 314.3604  45.6283 14.64936493636082
SJ-6C                   
1 29505U 06046A   18232.07884880 -.00000524  00000-0 -43264-4 0  9992
2 29505  97.8278 237.6852 0004415  95.4812 264.6915 14.94453359643924
SJ-6D                   
1 29506U 06046B   18232.08227122 -.00000259  00000-0 -19192-4 0  9992
2 29506  97.8479 237.3650 0002551 143.7142 216.4267 14.93386400643569
AGILE                   
1 31135U 07013A   18231.53861890  .00002241  00000-0  35936-4 0  9998
2 31135   2.4684  10.1883 0012436 193.3246 166.6479 15.30933699629457
AIM                     
1 31304U 07015A   18231.66935876  .00000268  00000-0  19386-4 0  9996
2 31304  97.9911  76.0772 0006539 111.1170 249.0759 15.12716793619704
FGRST (GLAST)           
1 33053U 08029A   18231.60847112  .00000499  00000-0  11850-4 0  9998
2 33053  25.5834 327.6286 0012191 197.2568 162.7554 15.11116654562171
WISE                    
1 36119U 09071A   18231.69696147  .00000673  00000-0  26421-4 0  9995
2 36119  97.4095 263.7313 0001519 196.9707 163.1483 15.29163514481743
SDO                     
1 36395U 10005A   18231.25387594 -.00000098  00000-0  00000+0 0  9997
2 36395  29.2922 132.8343 0001627  23.5549 160.2210  1.00277293 31368
CRYOSAT 2               
1 36508U 10013A   18231.82762443 -.00000007  00000-0 -24927-5 0  9996
2 36508  92.0340 306.0566 0006191 342.0275  18.0712 14.52172915443364
X-SAT                   
1 37389U 11015C   18232.17719289 -.00000013  00000-0  12749-4 0  9990
2 37389  98.5279 300.4637 0015369  80.1850 280.1071 14.24359556381297
GCOM-W1 (SHIZUKU)       
1 38337U 12025A   18231.46644751  .00000028  00000-0  16291-4 0  9999
2 38337  98.2049 170.6359 0001222 124.9070 347.6805 14.57109488332726
NUSTAR                  
1 38358U 12031A   18232.10338367  .00000923  00000-0  22985-4 0  9995
2 38358   6.0273  75.6123 0011888 349.9740  10.0152 14.88017409336433
RBSP A                  
1 38752U 12046A   18231.28723642 -.00000148  00000-0  43912-3 0  9993
2 38752  10.1263 354.0378 6827812 161.6174 246.7190  2.68158318 58363
RBSP B                  
1 38753U 12046B   18232.08789661 -.00000240  00000-0  90983-4 0  9990
2 38753  10.1511   6.7531 6844120 137.0446 303.7457  2.65145712 57957
NEOSSAT                 
1 39089U 13009D   18231.46624161  .00000010  00000-0  19053-4 0  9990
2 39089  98.5209  74.7312 0012283 107.9687 252.2838 14.34435355286780
IRIS                    
1 39197U 13033A   18231.56322207  .00000076  00000-0  17610-4 0  9993
2 39197  97.9407  51.8466 0026643 227.8337 132.0611 14.78552425277384
HISAKI (SPRINT-A)       
1 39253U 13049A   18231.56978748  .00000102  00000-0  48204-4 0  9993
2 39253  29.7219 347.8992 0137212 250.2934 108.2789 13.55196407243349
CASSIOPE                
1 39265U 13055A   18232.20839214  .00003202  00000-0  90150-4 0  9990
2 39265  80.9687 290.0508 0676353  88.2931 279.5541 14.25890512252582
STSAT-3                 
1 39422U 13066G   18232.06731763  .00000348  00000-0  41875-4 0  9999
2 39422  97.6026 284.4434 0021542 250.9269 108.9618 14.89640112257775
SWARM B                 
1 39451U 13067A   18231.59931435  .00000309  00000-0  12213-4 0  9998
2 39451  87.7528 119.8849 0001942 113.8499 246.2950 15.21368322248412
SWARM A                 
1 39452U 13067B   18231.59582971  .00001054  00000-0  22685-4 0  9998
2 39452  87.3487  14.2328 0003394  92.4965 267.6681 15.43270917266140
SWARM C                 
1 39453U 13067C   18231.59575405  .00001060  00000-0  22809-4 0  9998
2 39453  87.3487  15.6607 0003417  91.6407 268.5241 15.43270849266106
BRITE-TORONTO           
1 40020U 14033L   18232.15200874  .00000023  00000-0  12230-4 0  9997
2 40020  97.7790  87.1996 0088583  41.8533 318.9401 14.66512023222960
OCO 2                   
1 40059U 14035A   18231.58012448  .00000012  00000-0  12745-4 0  9994
2 40059  98.1974 171.9182 0001461  88.1624 271.9742 14.57124739219768
BRITE-PL 2              
1 40119U 14049B   18231.23917949  .00000092  00000-0  17430-4 0  9992
2 40119  97.9176 319.3789 0018642 129.3732 230.9137 14.84312084216654
RESURS P2               
1 40360U 14087A   18232.08699253  .00000600  00000-0  21375-4 0  9999
2 40360  97.2686 323.2257 0010987  59.1856  61.5499 15.32700964204069
MMS 1                   
1 40482U 15011A   18231.80742081 -.00001537  00000-0  00000+0 0  9997
2 40482   6.2319 318.2952 9080941 162.4310 305.6371  0.35534354  9184
MMS 2                   
1 40483U 15011B   18229.68333333 -.00001578  00000-0  00000+0 0  9992
2 40483   6.3285 318.0699 9080336 162.5710  34.0305  0.35532787  9163
MMS 3                   
1 40484U 15011C   18231.81185653 -.00001536  00000-0  00000+0 0  9995
2 40484   6.2299 318.2926 9081556 162.4245 306.2358  0.35529435  9179
MMS 4                   
1 40485U 15011D   18228.25000000 -.00001502  00000-0  00000+0 0  9995
2 40485   6.4011 317.8614 9082182 162.7102 210.7531  0.35518328  9153
ASTROSAT                
1 40930U 15052A   18232.01864419  .00000709  00000-0  10602-4 0  9997
2 40930   5.9969  59.3328 0008682 186.3241 173.5731 14.76227846156427
DAMPE                   
1 41173U 15078A   18232.05325958  .00000096  00000-0  68427-5 0  9997
2 41173  97.2946 233.0919 0015681  84.1220   0.2351 15.23715215148769
PISAT                   
1 41784U 16059B   18232.17723815  .00000073  00000-0  23316-4 0  9994
2 41784  98.1133 293.1423 0030703 252.5203 107.2642 14.63355895101314
HXMT (HUIYAN)           
1 42758U 17034A   18232.14624139  .00000124  00000-0  21627-4 0  9996
2 42758  43.0191  95.5547 0008095 158.3677 347.1546 15.08378460 65081
FLYING LAPTOP           
1 42831U 17042G   18232.18565865  .00000146  00000-0  20196-4 0  9995
2 42831  97.5903 132.1388 0014031 353.8653   6.2392 14.90878911 59869
PICSAT                  
1 43132U 18004X   18231.85216588  .00001007  00000-0  46163-4 0  9996
2 43132  97.5290 294.6906 0008690 229.6330 130.4148 15.22779039 33407
ZHANGZHENG-1 (CSES)     
1 43194U 18015C   18231.87651060  .00000903  00000-0  43709-4 0  9993
2 43194  97.3577 358.9400 0016117 293.4322  66.5220 15.20993757 30193
