ASTRA 1D                
1 23331U 94070A   18231.42073373 -.00000285  00000-0  00000-0 0  9992
2 23331   8.1826  46.3231 0003226 100.3483 259.5297  1.00272360 87612
ASTRA 1F                
1 23842U 96021A   18232.09023622  .00000121  00000-0  00000+0 0  9990
2 23842   0.0728 299.9184 0005238 210.5349 254.6944  1.00273086 81675
AMC-1 (GE-1)            
1 24315U 96054A   18230.68639331  .00000046  00000-0  00000-0 0  9992
2 24315   2.4657  82.9234 0002876  52.1365 308.1158  1.00271724 17653
AMC-2 (GE-2)            
1 24713U 97002A   18232.06444701 -.00000231  00000-0  00000+0 0  9993
2 24713   5.1222  63.7680 0005007  79.8458 123.0684  1.00271019 29662
AMC-3 (GE-3)            
1 24936U 97050A   18231.52549571 -.00000279  00000-0  00000-0 0  9997
2 24936   1.2942  90.3756 0002695  50.7871 303.8220  1.00272979 23767
NSS-5                   
1 24957U 97053A   18231.51712937  .00000087  00000-0  00000+0 0  9995
2 24957   4.6585  67.2057 0003250  69.0293  68.2218  1.00271500 76571
ASTRA 1G                
1 25071U 97076A   18231.87707846  .00000050  00000-0  00000+0 0  9990
2 25071   3.1992  76.6900 0003216  63.8247 200.2033  1.00275501 75879
NSS-806                 
1 25239U 98014A   18231.44929942 -.00000298  00000-0  00000-0 0  9991
2 25239   0.0685  67.3460 0004115  64.3322 310.2785  1.00272414 18634
ASTRA 2A                
1 25462U 98050A   18231.55466017 -.00000324  00000-0  00000-0 0  9990
2 25462   0.0972 117.1921 0002566  27.0186 123.3124  1.00273903 17700
ASTRA 1H                
1 25785U 99033A   18231.49366291 -.00000296  00000-0  00000+0 0  9993
2 25785   4.6422  67.3429 0001843  91.7509 279.3241  1.00270122 70128
AMC-4 (GE-4)            
1 25954U 99060A   18231.46438099  .00000069  00000-0  00000-0 0  9992
2 25954   0.0857 281.1215 0002664 204.8772 234.0147  1.00271412 15033
ASTRA 2B                
1 26494U 00054A   18231.79811602  .00000098  00000-0  00000+0 0  9999
2 26494   3.0915  77.3397 0005394  74.7176 122.7222  1.00271055 65576
AMC-7 (GE-7)            
1 26495U 00054B   18231.46453690  .00000069  00000-0  00000+0 0  9991
2 26495   0.0316  82.3483 0001139 108.2977 169.3404  1.00273794 65599
NSS-11 (AAP-1)          
1 26554U 00059A   18231.82934646  .00000007  00000-0  00000+0 0  9999
2 26554   0.0627 285.6122 0001687 232.5495 284.5172  1.00273960 65511
AMC-6 (GE-6)            
1 26580U 00067A   18232.19074468 -.00000234  00000-0  00000+0 0  9998
2 26580   0.0445 285.1154 0002516 230.2480 158.7650  1.00274406 65327
ASTRA 2D                
1 26638U 00081A   18231.26537274  .00000010  00000-0  00000-0 0  9996
2 26638   4.4729  68.0750 0001882  77.1312 283.0696  1.00269525 24245
AMC-8 (GE-8)            
1 26639U 00081B   18231.61345706  .00000086  00000-0  00000-0 0  9996
2 26639   0.0230  67.3482 0001389 150.5047 191.8715  1.00272051 64679
ASTRA 2C                
1 26853U 01025A   18231.51180799  .00000117  00000-0  00000-0 0  9996
2 26853   1.3177  90.0715 0003014  42.1011  43.5808  1.00269753 16394
ASTRA 3A                
1 27400U 02015B   18231.40644883 -.00000301  00000-0  00000-0 0  9998
2 27400   4.6253  66.7862 0003055  82.7014 277.5107  1.00275634 60064
NSS-7                   
1 27414U 02019A   18231.37044642 -.00000176  00000-0  00000+0 0  9999
2 27414   2.7850  80.7888 0002440  63.4396 296.7971  1.00272766 59895
NSS-6                   
1 27603U 02057A   18232.10035557 -.00000288  00000-0  00000+0 0  9992
2 27603   0.0168 119.8279 0001735  54.1655 285.5322  1.00272272 57433
AMC-10 (GE-10)          
1 28154U 04003A   18232.17197037  .00000070  00000-0  00000+0 0  9994
2 28154   0.0572 284.9845 0002540 196.1434 134.2133  1.00272686 53271
AMC-11 (GE-11)          
1 28252U 04017A   18231.69631181  .00000050  00000-0  00000+0 0  9995
2 28252   0.0470 291.1898 0002892 211.5046 304.9495  1.00273355 52041
AMC-15                  
1 28446U 04041A   18231.62966362 -.00000108  00000-0  00000+0 0  9997
2 28446   0.0444 293.0221 0002640 221.8156 294.7073  1.00271730 50710
AMC-16                  
1 28472U 04048A   18231.49008625 -.00000225  00000-0  00000-0 0  9998
2 28472   0.0586 288.0156 0002684 226.4983 264.6817  1.00271337 50078
NSS-10 (AMC-12)         
1 28526U 05003A   18231.78677536 -.00000269  00000-0  00000+0 0  9992
2 28526   0.0476 291.6636 0002983 206.6101  75.5862  1.00272639 49650
ASTRA 1KR               
1 29055U 06012A   18231.85620971  .00000101  00000-0  00000+0 0  9994
2 29055   0.0642 274.3169 0003725 267.7923 113.4315  1.00273064 45088
AMC-18                  
1 29644U 06054B   18231.69474155  .00000086  00000-0  00000+0 0  9999
2 29644   0.0541 284.7238 0002663 185.9473 328.4003  1.00271014 42894
ASTRA 1L                
1 31306U 07016A   18231.28521858  .00000100  00000-0  00000+0 0  9991
2 31306   0.0743 294.5350 0001170 255.3493 259.5476  1.00272736 41378
ASTRA 4A (SIRIUS 4)     
1 32299U 07057A   18231.36446661  .00000013  00000-0  00000+0 0  9998
2 32299   0.0348 302.8602 0002951 198.4774 322.3202  1.00272809 39296
AMC-21                  
1 33275U 08038B   18231.64140447  .00000017  00000-0  00000-0 0  9992
2 33275   0.0599 288.9295 0002331 215.5680 289.4271  1.00273527 36823
ASTRA 1M                
1 33436U 08057A   18231.79802878  .00000101  00000-0  00000+0 0  9994
2 33436   0.0396 271.9799 0005770 227.1506 135.4306  1.00270253 35814
CIEL-2                  
1 33453U 08063A   18231.45368649  .00000039  00000-0  00000+0 0  9996
2 33453   0.0161 123.0320 0003128  18.8079 220.3658  1.00271911 35484
NSS-9                   
1 33749U 09008A   18231.83074222  .00000053  00000-0  00000+0 0  9993
2 33749   0.0424 294.8548 0002213 205.5293 309.8549  1.00273991 34908
SES-7 (PROTOSTAR 2)     
1 34941U 09027A   18231.52864449 -.00000364  00000-0  00000-0 0  9990
2 34941   0.0365  93.7617 0000573 132.5041  40.0961  1.00272288 33973
NSS-12                  
1 36032U 09058A   18231.92998193  .00000052  00000-0  00000+0 0  9997
2 36032   0.0258 339.1442 0002788 162.4101 218.4549  1.00274369 32276
SES-1                   
1 36516U 10016A   18232.13773269 -.00000133  00000-0  00000+0 0  9990
2 36516   0.0550 289.0464 0001851 200.5326 147.4169  1.00272587 30477
ASTRA 3B                
1 36581U 10021A   18232.19708267  .00000118  00000-0  00000+0 0  9992
2 36581   0.0382 323.0395 0002942 182.9025 276.9802  1.00269124 29995
SES-3                   
1 37748U 11035A   18231.49397066 -.00000121  00000-0  00000+0 0  9992
2 37748   0.0522 287.3029 0002350 210.9100 264.3879  1.00271932 26039
ASTRA 1N                
1 37775U 11041A   18232.19678083  .00000101  00000-0  00000+0 0  9995
2 37775   0.0541 317.3991 0003783 141.2403 319.8626  1.00270724 25746
SES-2                   
1 37809U 11049A   18231.48973729 -.00000215  00000-0  00000+0 0  9994
2 37809   0.0583 285.4969 0002691 210.9507 280.6288  1.00272368 25358
QUETZSAT 1              
1 37826U 11054A   18231.49165648 -.00000260  00000-0  00000-0 0  9994
2 37826   0.0496 290.6001 0003069 218.0607 279.1059  1.00272796 21243
SES-4                   
1 38087U 12007A   18231.85518062 -.00000187  00000-0  00000+0 0  9992
2 38087   0.0182  47.3765 0002112 101.6288 104.9974  1.00272048 23826
SES-5                   
1 38652U 12036A   18231.31089969  .00000014  00000-0  00000+0 0  9990
2 38652   0.0460 273.0864 0002120 222.4601 308.9483  1.00272930 22405
ASTRA 2F                
1 38778U 12051A   18231.01241861  .00000130  00000-0  00000-0 0  9994
2 38778   0.1003 250.7774 0003378 295.4272 173.7795  1.00268900 12506
SES-6                   
1 39172U 13026A   18231.20281317 -.00000280  00000-0  00000-0 0  9994
2 39172   0.0565 294.4712 0001849 211.0797 214.4495  1.00273462 19068
O3B FM5                 
1 39188U 13031A   18231.57190119 -.00000032  00000-0  00000-0 0  9991
2 39188   0.0264   2.1821 0002572 145.1308 212.7009  5.00115843 94129
O3B FM4                 
1 39189U 13031B   18231.57099596 -.00000032  00000-0  00000-0 0  9999
2 39189   0.0534  15.0137 0002538 133.3927 211.6067  5.00115842 94122
O3B FM2                 
1 39190U 13031C   18231.53648647 -.00000032  00000-0  00000-0 0  9994
2 39190   0.0562  19.3448 0006634 173.1881 167.4485  5.00115845 94090
O3B PFM                 
1 39191U 13031D   18231.56743906 -.00000032  00000-0  00000-0 0  9992
2 39191   0.0347   5.4679 0000904 189.1996 165.3277  5.00115135 94090
ASTRA 2E                
1 39285U 13056A   18231.51276757  .00000131  00000-0  00000+0 0  9991
2 39285   0.0616  38.1692 0002318  87.3287  55.3399  1.00272988 17920
SES-8                   
1 39460U 13071A   18230.82749539 -.00000290  00000-0  00000-0 0  9997
2 39460   0.0584 276.9046 0002880 202.3850 240.7272  1.00271910 15846
ASTRA 5B                
1 39617U 14011B   18231.80674413  .00000136  00000-0  00000+0 0  9990
2 39617   0.0752 293.1902 0004198 216.5647 140.2299  1.00272591 16204
O3B FM3                 
1 40079U 14038A   18231.27151810 -.00000032  00000-0  00000-0 0  9992
2 40079   0.0444  14.2842 0002224  75.0621 270.6769  5.00115385 70198
O3B FM7                 
1 40080U 14038B   18231.22154862 -.00000032  00000-0  00000-0 0  9999
2 40080   0.0465  13.2371 0002610 133.1077 213.6696  5.00116436 74973
O3B FM6                 
1 40081U 14038C   18231.23764848 -.00000032  00000-0  00000-0 0  9992
2 40081   0.0454  13.6788 0002561 134.5173 211.8172  5.00117348 74955
O3B FM8                 
1 40082U 14038D   18232.08738006 -.00000032  00000-0  00000+0 0  9993
2 40082   0.0487  13.4223 0002589 133.7761 212.8156  5.00115147 75126
O3B FM10                
1 40348U 14083A   18231.32089487 -.00000032  00000-0  00000-0 0  9997
2 40348   0.0398   3.9650 0002559 142.2378 213.8114  5.00114316 67039
O3B FM11                
1 40349U 14083B   18231.53743603 -.00000032  00000-0  00000-0 0  9998
2 40349   0.0368   9.6465 0003298 137.6591 212.7127  5.00115895 67035
O3B FM12                
1 40350U 14083C   18231.60455486 -.00000032  00000-0  00000+0 0  9996
2 40350   0.0379   9.6214 0002750 140.9153 209.4767  5.00115646 67042
O3B FM9                 
1 40351U 14083D   18231.58707021 -.00000032  00000-0  00000-0 0  9990
2 40351   0.0360  10.8971 0002597 135.5839 213.5332  5.00114946 67054
ASTRA 2G                
1 40364U 14089A   18232.00989795  .00000131  00000-0  00000+0 0  9996
2 40364   0.0519 298.4148 0003560 158.9914 262.6235  1.00273840 13365
SES-9                   
1 41380U 16013A   18231.78791466 -.00000364  00000-0  00000+0 0  9993
2 41380   0.0508 278.9716 0002002 195.4097 245.6286  1.00272031  9097
SES-10                  
1 42432U 17017A   18231.27597820 -.00000292  00000-0  00000+0 0  9999
2 42432   0.0177  88.5058 0002763  50.4354 221.0796  1.00269313  5114
SES-15                  
1 42709U 17026A   18231.44835135  .00000041  00000-0  00000+0 0  9990
2 42709   0.0157 126.4971 0000675  13.6649 219.8317  1.00271059  5511
SES-11 (ECHOSTAR 105)   
1 42967U 17063A   18231.38135328 -.00000109  00000-0  00000+0 0  9993
2 42967   0.0116 169.5315 0002474 331.9274 218.5475  1.00271897  3150
SES-14                  
1 43175U 18012B   18231.22210642 -.00000298  00000-0  00000-0 0  9996
2 43175   0.0121  98.4871 0000485  86.0606 175.4404  1.00272113  2415
O3B FM15                
1 43231U 18024A   18231.45457399 -.00000032  00000-0  00000+0 0  9994
2 43231   0.0417 359.8110 0002721 146.7870 213.4171  5.00115750  8167
O3B FM16                
1 43232U 18024B   18231.90419051 -.00000032  00000-0  00000+0 0  9998
2 43232   0.0435 354.7125 0002923 159.2177 206.0825  5.00116379  8185
O3B FM14                
1 43233U 18024C   18231.55394237 -.00000032  00000-0  00000-0 0  9999
2 43233   0.0448 353.6788 0002705 160.3209 206.0116  5.00117496  8151
O3B FM13                
1 43234U 18024D   18231.56746166 -.00000032  00000-0  00000+0 0  9992
2 43234   0.0341  33.8409 0003610  89.8187 236.3727  5.00113831  8161
SES-12                  
1 43488U 18049A   18227.53631872 -.00000373  00000-0  00000+0 0  9997
2 43488   8.6639 150.5040 6062229 187.0583 157.3262  0.94173700   776
