LEMUR-1                 
1 40044U 14033AL  18231.59923954  .00000101  00000-0  22538-4 0  9990
2 40044  97.7991 106.1843 0059264 357.4815   2.6087 14.73992828223528
LEMUR-2-JOEL            
1 40932U 15052C   18231.02031242  .00000853  00000-0  28077-4 0  9994
2 40932   6.0157  52.1861 0014387 205.0591 154.8838 14.77709138156395
LEMUR-2-CHRIS           
1 40933U 15052D   18230.97905049  .00000821  00000-0  23489-4 0  9990
2 40933   6.0090  50.5696 0014294 207.4334 152.5039 14.77862156156408
LEMUR-2-PETER           
1 40935U 15052F   18230.95456999  .00000867  00000-0  31434-4 0  9994
2 40935   6.0072  61.6041 0010275 182.3090 177.6991 14.76997430156286
LEMUR-2-XIAOQING        
1 41871U 16062C   18232.16385588  .00000452  00000-0  31836-4 0  9992
2 41871  51.6388 205.3772 0006971  14.1907 345.9265 15.24516540 96344
LEMUR-2-SOKOLSKY        
1 41872U 16062D   18231.90471464  .00000525  00000-0  34928-4 0  9999
2 41872  51.6820 208.1073 0004598 100.4364 259.7133 15.24287201 96299
LEMUR-2-ANUBHAVTHAKUR   
1 41873U 16062E   18231.58098930  .00000009  00000-0  14571-4 0  9996
2 41873  51.6512 213.1982 0004362 321.6192  38.4474 15.22522645 96166
LEMUR-2-WINGO           
1 41874U 16062F   18232.22518105  .00001297  00000-0  66689-4 0  9997
2 41874  51.6475 206.9012 0009486 288.4403  71.5543 15.23980361 96312
LEMUR-2-SATCHMO         
1 41991U 17008AV  18231.83805227  .00001125  00000-0  50126-4 0  9997
2 41991  97.4438 295.7748 0009101 127.2954 232.9114 15.23477600 83091
LEMUR-2-MIA-GRACE       
1 41992U 17008AW  18231.23908253  .00001634  00000-0  70003-4 0  9996
2 41992  97.4446 295.5313 0008954 128.4887 231.7155 15.24175627 83020
LEMUR-2-SMITA-SHARAD    
1 41993U 17008AX  18232.18100395  .00001127  00000-0  49949-4 0  9995
2 41993  97.4436 296.2307 0009071 125.8769 234.3311 15.23663904 83158
LEMUR-2-SPIRE-MINIONS   
1 41994U 17008AY  18231.84548866  .00001573  00000-0  67608-4 0  9994
2 41994  97.4442 296.0794 0009048 126.0080 234.1997 15.24129625 83119
LEMUR-2-RDEATON         
1 41995U 17008AZ  18231.77036392  .00001138  00000-0  50310-4 0  9992
2 41995  97.4438 295.8712 0009834 139.3859 220.8114 15.23727879 83775
LEMUR-2-NOGUECORREIG    
1 41996U 17008BA  18232.16229294  .00001471  00000-0  63491-4 0  9996
2 41996  97.4454 296.4644 0009789 138.2122 221.9865 15.24086109 83067
LEMUR-2-JOBANPUTRA      
1 41997U 17008BB  18231.66002446  .00001559  00000-0  66810-4 0  9994
2 41997  97.4454 296.0695 0009733 139.4066 220.7899 15.24234183 83082
LEMUR-2-TACHIKOMA       
1 41998U 17008BC  18231.72822785  .00001155  00000-0  51181-4 0  9995
2 41998  97.4437 295.7685 0009726 139.9467 220.2488 15.23624128 83003
LEMUR-2-REDFERN-GOES    
1 42059U 98067LA  18231.85671741  .00049369  00000-0  23970-3 0  9999
2 42059  51.6353  14.5078 0002268  93.6565 266.4697 15.81937651 83278
LEMUR-2-AUSTINTACIOUS   
1 42068U 98067LD  18232.19339055  .00141862  18715-4  41612-3 0  9996
2 42068  51.6295   3.1007 0002271 340.3909  19.7010 15.92470674 83386
LEMUR-2-TRUTNAHD        
1 42069U 98067LE  18231.48053086  .00054358  00000-0  23596-3 0  9993
2 42069  51.6290  13.4433 0001089  96.0646 264.0482 15.84283550 83236
LEMUR-2-ANGELA          
1 42752U 17019B   18232.17498904  .00001604  00000-0  68109-4 0  9995
2 42752  51.6413 143.1384 0010888  77.0642 283.1553 15.29289654 66906
LEMUR-2-JENNYBARNA      
1 42753U 17019C   18232.13613039  .00001559  00000-0  65270-4 0  9995
2 42753  51.6406 142.1574 0010718  77.1213 283.0964 15.29965772 66868
LEMUR-2-ROBMOORE        
1 42754U 17019D   18232.13223104  .00000778  00000-0  39607-4 0  9993
2 42754  51.6415 143.5926 0010883  78.9502 281.2701 15.29197702 66878
LEMUR-2-SPIROVISION     
1 42755U 17019E   18232.16196113  .00003034  00000-0  11544-3 0  9993
2 42755  51.6395 142.3070 0010625  80.0777 280.1402 15.29909197 66780
LEMUR-2-SHAINAJOHL      
1 42771U 17036G   18231.36345166  .00001324  00000-0  62274-4 0  9992
2 42771  97.3966 289.6683 0014407 198.3077 161.7642 15.21227634 64107
LEMUR-2-XUENITERENCE    
1 42772U 17036H   18231.61219737  .00001317  00000-0  61843-4 0  9998
2 42772  97.3962 289.9380 0014005 196.6683 163.4095 15.21296391 64140
LEMUR-2-LUCYBRYCE       
1 42773U 17036J   18231.61379519  .00001356  00000-0  62853-4 0  9999
2 42773  97.3970 290.1116 0013796 195.8572 164.2234 15.21705328 64155
LEMUR-2-KUNGFOO         
1 42774U 17036K   18232.11882659  .00001276  00000-0  59917-4 0  9998
2 42774  97.3964 290.4943 0013913 194.6465 165.4369 15.21372851 64219
LEMUR-2-LYNSEY-SYMO     
1 42779U 17036Q   18231.63967637  .00001361  00000-0  61989-4 0  9996
2 42779  97.3975 290.5523 0011644 204.1497 155.9195 15.22342255 64163
LEMUR-2-LISASAURUS      
1 42780U 17036R   18231.81042320  .00001378  00000-0  63264-4 0  9997
2 42780  97.3967 290.6000 0011668 203.6821 156.3880 15.22034773 64190
LEMUR-2-SAM-AMELIA      
1 42781U 17036S   18231.36709755  .00001775  00000-0  79784-4 0  9995
2 42781  97.3971 290.2869 0011492 205.2010 154.8667 15.22393991 64127
LEMUR-2-MCPEAKE         
1 42782U 17036T   18231.17103933  .00001274  00000-0  58344-4 0  9994
2 42782  97.3975 290.1066 0011274 205.8973 154.1700 15.22252303 64090
LEMUR-2-GREENBERG       
1 42837U 17042N   18232.18445535  .00000380  00000-0  43304-4 0  9998
2 42837  97.5908 132.4539 0013108 352.1471   7.9541 14.91536436 59896
LEMUR-2-ANDIS           
1 42838U 17042P   18231.70868990  .00000288  00000-0  34040-4 0  9994
2 42838  97.5908 132.0085 0013261 353.5516   6.5530 14.91562871 59822
LEMUR-2-MONSON          
1 42839U 17042Q   18231.77198775  .00000132  00000-0  18558-4 0  9993
2 42839  97.5908 132.0760 0012945 352.6191   7.4836 14.91498178 59838
LEMUR-2-FURIAUS         
1 42840U 17042R   18231.27525318  .00000436  00000-0  48760-4 0  9992
2 42840  97.5908 131.6553 0013094 354.4095   5.6976 14.91628573 59754
LEMUR-2-PETERG          
1 42841U 17042S   18232.17400171  .00000231  00000-0  28175-4 0  9993
2 42841  97.5908 132.6175 0012555 349.7595  10.3366 14.91826599 59900
LEMUR-2-DEMBITZ         
1 42842U 17042T   18231.43121386  .00000315  00000-0  36501-4 0  9995
2 42842  97.5907 131.9059 0012683 352.9835   7.1204 14.91835885 59798
LEMUR-2-ZACHARY         
1 42845U 17042W   18231.77913197  .00000300  00000-0  34869-4 0  9993
2 42845  97.5858 132.1049 0013177 355.9099   4.2010 14.92040703 59849
LEMUR-2-ARTFISCHER      
1 42881U 17042BJ  18231.76561913  .00003686  00000-0  10588-3 0  9998
2 42881  96.9744 124.9949 0011137 229.8994 130.1276 15.36369687 61379
LEMUR-2-ROCKETJONAH     
1 43041U 17071E   18232.06909519  .00004503  00000-0  11920-3 0  9991
2 43041  51.6392  88.6392 0001096  67.7974 292.3127 15.40442066 41757
LEMUR-2-YONGLIN         
1 43045U 17071J   18231.59234889  .00004732  00000-0  12338-3 0  9991
2 43045  51.6392  90.7096 0004962 119.8691 240.2788 15.40790782 39412
LEMUR-2-KEVIN           
1 43046U 17071K   18231.61650058  .00004204  00000-0  11233-3 0  9992
2 43046  51.6400  90.8909 0004692 118.5823 241.5634 15.40344347 39416
LEMUR-2-BRIANDAVIE      
1 43047U 17071L   18231.60939198  .00004280  00000-0  11523-3 0  9993
2 43047  51.6392  91.5600 0003484 153.9096 206.2064 15.40055716 39397
LEMUR-2-ROMACOSTE       
1 43048U 17071M   18231.59996073  .00004239  00000-0  11336-3 0  9993
2 43048  51.6397  91.5093 0003331 153.3049 206.8108 15.40287754 39396
LEMUR-2-MCCULLAGH       
1 43051U 17071Q   18231.58145416  .00004236  00000-0  11253-3 0  9998
2 43051  51.6393  91.3821 0000356 319.6613  40.4345 15.40490729 39349
LEMUR-2-DUNLOP          
1 43053U 17071S   18231.62285213  .00004088  00000-0  11101-3 0  9992
2 43053  51.6392  91.6476 0000470 301.8083  58.2856 15.39903659 39354
LEMUR-2-LIU-POU-CHUN    
1 43054U 17071T   18232.07854711  .00004421  00000-0  11745-3 0  9993
2 43054  51.6393  88.7048 0001105  77.8776 282.2332 15.40376761 39430
LEMUR-2-MCCAFFERTY      
1 43123U 18004N   18231.84826209  .00002094  00000-0  92044-4 0  9998
2 43123  97.5293 294.7014 0008894 225.9425 134.1079 15.23021332 33390
LEMUR-2-PETERWEBSTER    
1 43124U 18004P   18232.18150244  .00001820  00000-0  80549-4 0  9999
2 43124  97.5294 295.0237 0008919 225.0724 134.9790 15.22944208 33454
LEMUR-2-BROWNCOW        
1 43125U 18004Q   18232.17177959  .00001993  00000-0  87654-4 0  9996
2 43125  97.5291 295.0339 0008866 225.8949 134.1559 15.23044534 33452
LEMUR-2-DAVEWILSON      
1 43126U 18004R   18231.84078924  .00001434  00000-0  64018-4 0  9991
2 43126  97.5295 294.7122 0008783 228.1055 131.9433 15.23001217 33407
LEMUR-2-MARSHALL        
1 43165U 18010C   18231.73587411  .00001872  00000-0  87744-4 0  9992
2 43165  82.9187 302.1879 0031020 223.4138 136.4654 15.18614417 31961
LEMUR-2-TALLHAMN-ATC    
1 43167U 18010E   18232.17800708  .00000893  00000-0  43413-4 0  9997
2 43167  82.9220 302.3981 0024079 228.4868 131.4301 15.16815348 31999
LEMUR-2-JIN-LUEN        
1 43182U 18014C   18231.49500036  .00000907  00000-0  86158-4 0  9992
2 43182  97.7144 138.8021 0012964 307.8211  52.1836 14.95906525 29775
LEMUR-2-URAMCHANSOL     
1 43183U 18014D   18231.55749192  .00000976  00000-0  92181-4 0  9997
2 43183  97.7143 138.8709 0012881 307.6847  52.3205 14.95947063 29784
LEMUR-2-ADI             
1 43184U 18014E   18231.55493715  .00000920  00000-0  87171-4 0  9997
2 43184  97.7142 138.8754 0012821 308.6405  51.3668 14.95967855 29782
LEMUR-2-THENICKMOLO     
1 43185U 18014F   18231.95018632  .00000654  00000-0  63416-4 0  9993
2 43185  97.7140 139.2786 0012632 306.8257  53.1805 14.95996589 29842
LEMUR E                 
1 43558U 18046E   18231.74725175  .00002581  00000-0  10635-3 0  9991
2 43558  51.6431  68.7103 0008737  70.8100 289.3824 15.27838922  5225
LEMUR F                 
1 43559U 18046F   18232.00882666  .00002564  00000-0  10574-3 0  9994
2 43559  51.6431  67.4565 0008679  71.3088 288.8833 15.27847261  5040
LEMUR G                 
1 43560U 18046G   18232.00951008  .00002634  00000-0  10837-3 0  9993
2 43560  51.6430  67.4603 0009166  84.1502 276.0522 15.27813040  5265
LEMUR H                 
1 43561U 18046H   18231.87868556  .00002907  00000-0  11826-3 0  9995
2 43561  51.6429  68.0869 0009137  83.7124 276.4896 15.27814454  4805
