ISS (ZARYA)             
1 25544U 98067A   18241.12818287  .00003965  00000-0  67659-4 0  9993
2 25544  51.6427  15.1991 0005904 104.7558 257.8897 15.53899227129864
FLOCK 2E'-14            
1 41762U 98067KJ  18240.45993359  .00114415  00000-0  50884-3 0  9996
2 41762  51.6325 324.0009 0003112  14.6328 345.4765 15.83474164111531
FLOCK 2E'-15            
1 41764U 98067KL  18240.74235528  .00119665  00000-0  59412-3 0  9995
2 41764  51.6312 325.8911 0001482  36.2902 323.8200 15.81099820111495
TIANGONG-2              
1 41765U 16057A   18240.57482422  .00007445  00000-0  96451-4 0  9990
2 41765  42.7833 269.9439 0006499  34.2753 102.4309 15.59328740111327
FLOCK 2E'-18            
1 41769U 98067KM  18240.52046404  .00080022  00000-0  40458-3 0  9993
2 41769  51.6324 326.6563 0000966 349.4208  10.6773 15.80868269111462
FLOCK 2E'-20            
1 41782U 98067KQ  18240.61970653  .00303958  46699-4  82544-3 0  9996
2 41782  51.6289 309.1345 0007513  10.9689 349.1481 15.93647180111523
BANXING-2               
1 41834U 16057H   18240.82642186  .00038711  00000-0  19252-3 0  9993
2 41834  42.7791 209.4894 0010702 126.4300 311.1017 15.81130719106089
ITF-2                   
1 41932U 98067KU  18239.70711812  .00061604  00000-0  30398-3 0  9992
2 41932  51.6311 330.9678 0002184  67.8157 292.3077 15.81496956 92064
WASEDA-SAT3             
1 41933U 98067KV  18240.45690727  .00159596  21096-4  40518-3 0  9993
2 41933  51.6312 314.7257 0005079   8.4415 351.6677 15.95121408 92341
AOBA-VELOX 3            
1 41935U 98067KX  18240.48856195  .00095122  00000-0  32614-3 0  9991
2 41935  51.6334 319.5963 0002792  25.8741 334.2404 15.88900164 92383
LEMUR-2-REDFERN-GOES    
1 42059U 98067LA  18239.75080170  .00081683  00000-0  37335-3 0  9991
2 42059  51.6353 333.4634 0001791  84.3609 275.7598 15.83030550 84521
LEMUR-2-AUSTINTACIOUS   
1 42068U 98067LD  18240.47017917  .00178396  23603-4  44549-3 0  9992
2 42068  51.6297 319.3386 0004599   4.1575 355.9470 15.95389668 84706
LEMUR-2-TRUTNAHD        
1 42069U 98067LE  18239.74064810  .00099857  00000-0  40132-3 0  9995
2 42069  51.6285 330.3343 0001305  30.6583 329.4497 15.85653297 84543
HAVELSAT                
1 42700U 98067LH  18240.56809963  .00052325  00000-0  34158-3 0  9995
2 42700  51.6342 343.5672 0001655 173.9236 186.1784 15.75322469 73418
CXBN-2                  
1 42704U 98067LM  18240.54671349  .00047455  00000-0  31679-3 0  9995
2 42704  51.6353 344.9495 0001604  38.6434 321.4680 15.74849155 73316
ICECUBE                 
1 42705U 98067LN  18240.71230377  .00208917  27567-4  60359-3 0  9997
2 42705  51.6474 329.6024 0004262  13.1696 346.9421 15.92602160 73598
PHOENIX                 
1 42706U 98067LP  18240.70858555  .00036142  00000-0  27299-3 0  9995
2 42706  51.6361 346.0395 0001109  51.5985 308.5113 15.72084591 73303
X-CUBESAT               
1 42707U 98067LQ  18240.76896736  .00071605  00000-0  44493-3 0  9993
2 42707  51.6334 341.8109 0001308  34.0978 326.0106 15.76323825 73351
QBEE50-LTU-OC           
1 42708U 98067LR  18240.82570953  .00055546  00000-0  36540-3 0  9991
2 42708  51.6351 343.0425 0001184  16.9493 343.1546 15.75121501 73308
ALTAIR PATHFINDER       
1 42711U 98067LS  18240.84651300  .00027292  00000-0  26329-3 0  9994
2 42711  51.6368 355.2541 0003486  86.2075 273.9319 15.66272237 72857
SHARC                   
1 42712U 98067LT  18240.82750935  .00051901  00000-0  47065-3 0  9991
2 42712  51.6381 356.6932 0001633  82.4046 277.7135 15.67497223 73078
ZA-AEROSAT              
1 42713U 98067LU  18240.86530476  .00037368  00000-0  29966-3 0  9993
2 42713  51.6356 348.5757 0001994  64.5181 295.6023 15.70638151 72948
LINK                    
1 42714U 98067LV  18240.65102015  .00277029  41308-4  68418-3 0  9990
2 42714  51.6196 328.7049 0006873 353.6930   6.3991 15.95444950 73299
CSUNSAT 1               
1 42715U 98067LW  18240.84903802  .00050305  00000-0  38553-3 0  9998
2 42715  51.6354 347.7380 0003080  71.1011 289.0320 15.71583977 72959
SPACECUBE               
1 42717U 98067LY  18240.73152867  .00057755  00000-0  38317-3 0  9999
2 42717  51.6315 343.8661 0000617 165.1621 194.9396 15.74909472 72368
HOOPOE                  
1 42718U 98067LZ  18240.54610080  .00068072  00000-0  37237-3 0  9999
2 42718  51.6291 340.3445 0000443  33.1576 326.9453 15.79203333 72396
NJUST-1                 
1 42722U 98067MB  18240.78234089  .00033236  00000-0  28001-3 0  9994
2 42722  51.6364 351.0552 0004034 141.4286 218.7000 15.69498977 71979
UNSW-ECO                
1 42723U 98067MC  18240.68879295  .00095441  00000-0  48358-3 0  9991
2 42723  51.6393 339.1297 0000633 114.5122 245.5946 15.80752031 72106
LILACSAT-1              
1 42725U 98067ME  18240.81751812  .00045804  00000-0  33232-3 0  9995
2 42725  51.6365 346.7678 0002530 140.7693 219.3489 15.72922692 71930
NSIGHT-1                
1 42726U 98067MF  18240.60633897  .00015579  00000-0  17590-3 0  9990
2 42726  51.6400   1.9840 0004923 140.7140 219.4212 15.62676165 71729
SNUSAT-1                
1 42727U 98067MG  18240.83049288  .00057027  00000-0  41201-3 0  9991
2 42727  51.6344 346.7839 0004457 103.6672 256.4823 15.72920398 71905
I-INSPIRE II            
1 42731U 98067ML  18240.71186199  .00086581  00000-0  42109-3 0  9991
2 42731  51.6355 337.6791 0003318  46.9609 313.1671 15.81672710 71906
POLYITAN-2-SAU          
1 42732U 98067MM  18240.72175101  .00065941  00000-0  41521-3 0  9998
2 42732  51.6336 343.0561 0003859  75.1083 285.0344 15.76047358 71836
SNUSAT-1B               
1 42733U 98067MN  18240.57282951  .00049272  00000-0  34234-3 0  9996
2 42733  51.6354 346.5953 0004058  85.4257 274.7206 15.73897885 71779
EXALTA-1                
1 42734U 98067MP  18240.71272150  .00109550  00000-0  49593-3 0  9993
2 42734  51.6275 336.8355 0001921  77.2079 282.9138 15.83118489 71869
BEEAGLESAT              
1 42736U 98067MR  18240.70888703  .00047809  00000-0  36110-3 0  9990
2 42736  51.6356 348.2617 0003608 137.2397 222.8882 15.71950238 71821
ASTERIA                 
1 43020U 98067NH  18240.78795485  .00025686  00000-0  30709-3 0  9996
2 43020  51.6428   9.2470 0002703  79.5725 280.5573 15.60822052 43824
DELLINGR (RBLE)         
1 43021U 98067NJ  18240.86917414  .00011143  00000-0  14979-3 0  9998
2 43021  51.6413  11.2493 0002638  75.3657 284.7628 15.58432382 43807
OSIRIS-3U               
1 43027U 98067NL  18240.82463437  .00068174  00000-0  59188-3 0  9998
2 43027  51.6380   1.9083 0002594  39.5508 320.5677 15.68451556 43803
PROGRESS-MS 08          
1 43211U 18019A   18240.85228183  .00011589  00000-0  11713-3 0  9992
2 43211  51.6417  16.1109 0040579 267.3581 211.9735 15.64831270 30572
SOYUZ-MS 08             
1 43238U 18026A   18239.54107463  .00001477  00000-0  29830-4 0  9995
2 43238  51.6429  23.1054 0005955  97.5223  20.9202 15.53876982129614
1KUNS-PF                
1 43466U 98067NP  18240.79613377  .00022422  00000-0  30953-3 0  9996
2 43466  51.6403  15.2540 0000591  33.9396 326.1634 15.57087498 17006
UBAKUSAT                
1 43467U 98067NQ  18240.80751201  .00014455  00000-0  20542-3 0  9998
2 43467  51.6410  15.3318 0002835  44.8973 315.2248 15.56648971 17013
BATSU-CS1 (IRAZU)       
1 43468U 98067NR  18239.49858744  .00021692  00000-0  29600-3 0  9997
2 43468  51.6403  21.5875 0000466  23.0878 337.0134 15.57421415116798
SOYUZ-MS 09             
1 43493U 18051A   18239.54107463  .00001477  00000-0  29830-4 0  9996
2 43493  51.6429  23.1054 0005955  97.5223  20.9202 15.53876982129617
PROGRESS-MS 09          
1 43537U 18058A   18239.54107463  .00001477  00000-0  29830-4 0  9992
2 43537  51.6429  23.1054 0005955  97.5223  20.9202 15.53876982129616
CUBERRT                 
1 43546U 98067NU  18240.45506443  .00005137  00000-0  81419-4 0  9991
2 43546  51.6405  18.2184 0006312 104.9059 255.2632 15.55267289  7078
TEMPEST-D               
1 43547U 98067NV  18239.87975372  .00005360  00000-0  85528-4 0  9990
2 43547  51.6405  21.1260 0006612 103.8873 256.2854 15.54974250  6665
1998-067NW              
1 43548U 98067NW  18240.78106708  .00015747  00000-0  23580-3 0  9991
2 43548  51.6406  16.6460 0006271 115.0345 245.1298 15.55129672  7254
HALOSAT                 
1 43549U 98067NX  18240.52355043  .00017347  00000-0  25900-3 0  9998
2 43549  51.6406  17.9263 0006327 114.3728 245.7924 15.55126802  6779
1998-067NY              
1 43550U 98067NY  18240.51799214  .00020862  00000-0  30577-3 0  9993
2 43550  51.6405  17.8894 0005000 130.3947 229.7481 15.55502155  7238
ENDUROSAT ONE           
1 43551U 98067NZ  18240.70825816  .00017176  00000-0  25326-3 0  9993
2 43551  51.6406  16.9098 0006686 123.6119 236.5511 15.55476160  7217
EQUISAT                 
1 43552U 98067PA  18240.83736702  .00015919  00000-0  23590-3 0  9997
2 43552  51.6407  16.2726 0006948 124.3754 235.7896 15.55401442  7199
1998-067PB              
1 43553U 98067PB  18239.87435729  .00011133  00000-0  16789-3 0  9991
2 43553  51.6408  21.0914 0007214 121.6974 238.4721 15.55288104  7099
1998-067PC              
1 43554U 98067PC  18240.83557388  .00018300  00000-0  26881-3 0  9993
2 43554  51.6407  16.2608 0006834 124.4742 235.6896 15.55528596  6774
AEROCUBE 12A            
1 43556U 18046C   18239.86112058  .00001440  00000-0  65262-4 0  9990
2 43556  51.6427  29.8757 0009367  96.1551 264.0496 15.27738820  6471
AEROCUBE 12B            
1 43557U 18046D   18239.92651447  .00001079  00000-0  52144-4 0  9991
2 43557  51.6428  29.5625 0009365  96.3960 263.8087 15.27730964  6438
LEMUR E                 
1 43558U 18046E   18240.51201339  .00003437  00000-0  13716-3 0  9991
2 43558  51.6417  26.7224 0008952  99.4931 260.7061 15.27886203  6564
LEMUR F                 
1 43559U 18046F   18240.44650936  .00002551  00000-0  10511-3 0  9991
2 43559  51.6422  27.0346 0008938  99.6234 260.5756 15.27888128  6334
LEMUR G                 
1 43560U 18046G   18240.70900958  .00003203  00000-0  12878-3 0  9997
2 43560  51.6416  25.7864 0009315 112.7145 247.4820 15.27860136  6590
LEMUR H                 
1 43561U 18046H   18240.70899309  .00003450  00000-0  13772-3 0  9993
2 43561  51.6416  25.7864 0009341 112.8541 247.3426 15.27863617  6151
SIRIUSSAT 1             
1 43595U 98067PG  18239.70875499  .00015027  00000-0  23036-3 0  9990
2 43595  51.6403  22.2285 0004038  84.4373 275.7079 15.54535396  1860
1998-067PH              
1 43596U 98067PH  18240.54556207  .00014008  00000-0  21607-3 0  9998
2 43596  51.6412  18.0691 0004713  90.1587 269.9944 15.54428163  1999
1998-067PJ              
1 43597U 98067PJ  18239.96688105  .00013852  00000-0  21365-3 0  9993
2 43597  51.6391  20.9528 0004171 100.8196 259.3264 15.54443326  1907
1998-067PK              
1 43598U 98067PK  18240.41737710  .00013284  00000-0  20547-3 0  9993
2 43598  51.6402  18.7131 0004303 100.9435 259.2040 15.54406087  1971
