TDRS 3                  
1 19548U 88091B   18231.36264319 -.00000315  00000-0  00000-0 0  9992
2 19548  14.4181   3.6656 0034259 315.0426  77.2258  1.00268330 96748
HST                     
1 20580U 90037B   18232.10762731  .00000407  00000-0  13891-4 0  9994
2 20580  28.4700  52.5440 0002857 106.7100 189.0822 15.09078305355130
TDRS 5                  
1 21639U 91054B   18231.59205469  .00000071  00000-0  00000-0 0  9993
2 21639  14.5892  16.9890 0022408 354.8067   1.7805  1.00281032 99044
TDRS 6                  
1 22314U 93003B   18231.44823029 -.00000310  00000-0  00000+0 0  9998
2 22314  14.1592  20.0034 0003166 328.2433  95.0169  1.00271880 93713
TDRS 7                  
1 23613U 95035B   18231.48907392 -.00000218  00000-0  00000+0 0  9995
2 23613  14.7623  10.6853 0026397  20.4487 197.6770  1.00273266 84483
ISS (ZARYA)             
1 25544U 98067A   18232.24820602  .00001672  00000-0  32823-4 0  9998
2 25544  51.6418  59.4506 0005907  77.3365 258.4041 15.53855107128474
LANDSAT 7               
1 25682U 99020A   18232.44483065  .00000084  00000-0  28547-4 0  9995
2 25682  98.1671 301.4335 0001646  84.1839 275.9560 14.57133288 29104
TERRA                   
1 25994U 99068A   18232.11566524  .00000082  00000-0  28244-4 0  9991
2 25994  98.2022 306.0473 0000782  87.0469 273.0822 14.57115770993135
TDRS 8                  
1 26388U 00034A   18231.98556007 -.00000250  00000-0  00000+0 0  9996
2 26388   8.1863  52.3640 0005617 271.4808  88.5718  1.00270187 66515
TIMED                   
1 26998U 01055B   18231.35974763  .00000098  00000-0  14725-4 0  9994
2 26998  74.0723 183.0333 0000441 259.3713 100.7418 14.88039376905115
TDRS 9                  
1 27389U 02011A   18231.36106441 -.00000121  00000-0  00000+0 0  9997
2 27389   6.1200  74.1700 0016313 257.7044 113.7329  1.00271847 61779
AQUA                    
1 27424U 02022A   18231.58431713  .00000065  00000-0  24474-4 0  9998
2 27424  98.1977 171.8155 0000539 218.8027 136.1151 14.57126938866605
TDRS 10                 
1 27566U 02055A   18231.72996397  .00000059  00000-0  00000+0 0  9998
2 27566   5.7616  56.5454 0004863 244.7245 115.3824  1.00264967 57563
SORCE                   
1 27651U 03004A   18231.81892545  .00000047  00000-0  19177-4 0  9995
2 27651  39.9959  92.5857 0022076   2.6120 357.4781 14.88885549844697
AURA                    
1 28376U 04026A   18231.59038423  .00000063  00000-0  23975-4 0  9996
2 28376  98.1973 173.9778 0001080 102.6492 257.4827 14.57121897749662
SWIFT                   
1 28485U 04047A   18231.56609108  .00000819  00000-0  25842-4 0  9995
2 28485  20.5576  18.8559 0011012 251.6869 108.2367 15.04167861752787
THEMIS A                
1 30580U 07004A   18230.30359552 -.00000498  00000-0  00000+0 0  9994
2 30580   9.0045 144.0592 8309438 222.4485  29.9310  0.87834672 40826
THEMIS D                
1 30797U 07004D   18230.20171427 -.00000429  00000-0  00000+0 0  9990
2 30797   4.9520 102.3826 8530485 274.3200   4.9691  0.71873012 41183
THEMIS E                
1 30798U 07004E   18230.26225132 -.00000397  00000-0  00000+0 0  9994
2 30798   5.2589 127.7389 8361958 247.6983  12.1831  0.81321355 41126
AIM                     
1 31304U 07015A   18231.66935876  .00000268  00000-0  19386-4 0  9996
2 31304  97.9911  76.0772 0006539 111.1170 249.0759 15.12716793619704
FGRST (GLAST)           
1 33053U 08029A   18231.60847112  .00000499  00000-0  11850-4 0  9998
2 33053  25.5834 327.6286 0012191 197.2568 162.7554 15.11116654562171
WISE                    
1 36119U 09071A   18231.69696147  .00000673  00000-0  26421-4 0  9995
2 36119  97.4095 263.7313 0001519 196.9707 163.1483 15.29163514481743
TDRS 11                 
1 39070U 13004A   18231.47868761  .00000080  00000-0  00000-0 0  9997
2 39070   4.8088 328.7507 0004044 291.0371  69.0548  1.00272835 18038
TDRS 12                 
1 39504U 14004A   18231.13783330 -.00000283  00000-0  00000+0 0  9996
2 39504   5.4883 336.0037 0000663 183.8035 176.3177  1.00276001 16787
GPM-CORE                
1 39574U 14009C   18231.60343866  .00001638  00000-0  28205-4 0  9992
2 39574  65.0068 262.9756 0011407 285.0295  74.9588 15.55467178254175
MMS 1                   
1 40482U 15011A   18231.80742081 -.00001537  00000-0  00000+0 0  9997
2 40482   6.2319 318.2952 9080941 162.4310 305.6371  0.35534354  9184
MMS 2                   
1 40483U 15011B   18229.68333333 -.00001578  00000-0  00000+0 0  9992
2 40483   6.3285 318.0699 9080336 162.5710  34.0305  0.35532787  9163
MMS 3                   
1 40484U 15011C   18231.81185653 -.00001536  00000-0  00000+0 0  9995
2 40484   6.2299 318.2926 9081556 162.4245 306.2358  0.35529435  9179
MMS 4                   
1 40485U 15011D   18228.25000000 -.00001502  00000-0  00000+0 0  9995
2 40485   6.4011 317.8614 9082182 162.7102 210.7531  0.35518328  9153
TDRS 13                 
1 42915U 17047A   18231.14643220 -.00000300  00000-0  00000+0 0  9990
2 42915   6.5532 331.2233 0026415  10.9922 349.1599  1.00274706  3710
JPSS-1                  
1 43013U 17073A   18231.65458387 -.00000000  00000-0  20613-4 0  9997
2 43013  98.7272 169.0342 0001525  78.5247 281.6100 14.19544783 38914
