TELSTAR 19V             
1 43562U 18059A   18231.52514848 -.00000299  00000-0  00000-0 0  9996
2 43562   0.0532 267.8421 0001370 307.8210 238.2022  1.00271987   503
FALCON 9 R/B            
1 43563U 18059B   18231.12584574  .00006415  00000-0  44143-3 0  9990
2 43563  27.0071 196.0698 5711230 215.1489  88.6418  4.53200621  1265
GSAT0221 (GALILEO 25)   
1 43564U 18060A   18220.00000000 -.00000028  00000-0  00000+0 0  9990
2 43564  56.4034  59.5659 0001447  63.1104 200.6994  1.72626816   229
GSAT0222 (GALILEO 26)   
1 43565U 18060B   18229.46770818 -.00000054  00000-0  00000+0 0  9990
2 43565  56.3416  59.4896 0004252 195.3988 164.6631  1.72104360   435
GSAT0219 (GALILEO 23)   
1 43566U 18060C   18220.00000000 -.00000029  00000-0  00000+0 0  9993
2 43566  56.4181  59.5761 0001955 177.6523 358.0582  1.70293028   266
GSAT0220 (GALILEO 24)   
1 43567U 18060D   18231.32269962 -.00000048  00000-0  00000+0 0  9996
2 43567  56.3347  59.4379 0010033 193.9984 166.0284  1.71367477   428
ARIANE 5 R/B            
1 43568U 18060E   18229.95641230 -.00000053  00000-0  00000-0 0  9992
2 43568  56.2628  59.4141 0002415 228.0399 131.9902  1.73226133   447
IRIDIUM 160             
1 43569U 18061A   18232.20229582  .00000031  00000-0  38479-5 0  9999
2 43569  86.4022 171.0991 0002503  88.9014 271.2469 14.34218316  3736
IRIDIUM 166             
1 43570U 18061B   18231.33614160  .00000063  00000-0  10183-4 0  9990
2 43570  86.5017 171.4520 0001714  88.7059 271.4344 14.53317718  3635
IRIDIUM 158             
1 43571U 18061C   18231.35873749  .00000053  00000-0  11706-4 0  9994
2 43571  86.4020 171.4478 0002116  93.4975 266.6463 14.34217839  3605
IRIDIUM 165             
1 43572U 18061D   18231.80271468  .00000034  00000-0  49730-5 0  9993
2 43572  86.4024 171.2567 0002169  90.8824 269.2620 14.34221325  3697
IRIDIUM 155             
1 43573U 18061E   18231.41581551  .00000046  00000-0  94878-5 0  9994
2 43573  86.4019 171.4229 0002107  61.9608 298.1800 14.34218340  3616
IRIDIUM 154             
1 43574U 18061F   18231.43374727  .00000058  00000-0  87409-5 0  9997
2 43574  86.5028 171.4177 0002394 114.9804 245.1651 14.53515675  3657
IRIDIUM 163             
1 43575U 18061G   18231.44752707  .00000023  00000-0  11901-5 0  9993
2 43575  86.4018 171.4102 0001723 112.1632 247.9746 14.34219717  3638
IRIDIUM 156             
1 43576U 18061H   18231.42215823  .00000041  00000-0  74684-5 0  9992
2 43576  86.4019 171.4246 0001782  84.2165 275.9233 14.34217597  3618
IRIDIUM 164             
1 43577U 18061J   18231.39564837  .00000070  00000-0  11636-4 0  9990
2 43577  86.5067 171.4365 0001816 108.4134 251.7270 14.53541826  3651
IRIDIUM 159             
1 43578U 18061K   18231.72026316  .00000023  00000-0  11166-5 0  9990
2 43578  86.4019 171.2941 0002419  87.6675 272.4797 14.34218487  3673
BEIDOU-3 M9             
1 43581U 18062A   18228.14741939 -.00000030  00000-0  00000+0 0  9990
2 43581  55.0787 280.2007 0104670 340.1208  10.8083  1.83287774   333
BEIDOU-3 M10            
1 43582U 18062B   18231.29407716 -.00000010  00000-0  00000-0 0  9992
2 43582  54.9735 280.0885 0003832 291.3155  99.5683  1.86232526   397
CZ-3B R/B               
1 43583U 18062C   18232.04532320  .00027808  68499-6  72319-3 0  9997
2 43583  55.0182 268.6437 5820406 177.3570 188.2587  4.40091610   966
YZ-1 R/B                
1 43584U 18062D   18227.00256105 -.00000015  00000-0  00000-0 0  9997
2 43584  55.0286 280.2915 0030380   0.7354 359.3439  1.78868295   305
GAOFEN 11               
1 43585U 18063A   18232.21343505  .00069829  28800-5  32821-3 0  9998
2 43585  97.4310 301.3530 0322033 100.6761 333.7838 15.35018045  3066
CZ-4B R/B               
1 43586U 18063B   18232.14639338  .00169964  20999-5  32360-3 0  9993
2 43586  97.3642 302.4086 0163461  69.2145 292.6548 15.80910343  3160
TELKOM 4 (MERAH PUTIH)  
1 43587U 18064A   18230.54980034 -.00000375  00000-0  00000-0 0  9999
2 43587   0.0822 276.2239 0001907 333.5013  23.1363  1.00409905   193
FALCON 9 R/B            
1 43588U 18064B   18231.12306008  .00016124  33423-6  49797-3 0  9996
2 43588  27.0327 221.3943 6905611 186.5602 154.3329  2.81484081   341
UITMSAT-1               
1 43589U 98067PD  18231.54065612  .00008867  00000-0  13822-3 0  9991
2 43589  51.6398  62.9314 0006767 101.9462 258.2288 15.54678970  1487
MAYA-1                  
1 43590U 98067PE  18231.92616392  .00008654  00000-0  13490-3 0  9997
2 43590  51.6399  61.0060 0006851 104.1608 256.0145 15.54714095  1475
BHUTAN-1                
1 43591U 98067PF  18231.92593914  .00008711  00000-0  13556-3 0  9999
2 43591  51.6400  61.0048 0006957 105.2007 254.9754 15.54750198  1474
SIRIUSSAT 1             
1 43595U 98067PG  18231.95770126  .00008885  00000-0  14012-3 0  9998
2 43595  51.6398  60.8821 0004508  65.0491  91.8516 15.54359769   652
1998-067PH              
1 43596U 98067PH  18231.94555731  .00008548  00000-0  13571-3 0  9996
2 43596  51.6433  60.9533 0006420  52.9659  33.8621 15.54225350   651
1998-067PJ              
1 43597U 98067PJ  18231.35140426 -.00000484  00000-0  00000+0 0  9994
2 43597  51.6407  63.9211 0006131  47.1604 312.8905 15.54172923   566
1998-067PK              
1 43598U 98067PK  18231.35155318 -.00000484  00000-0  00000+0 0  9991
2 43598  51.6339  63.9146 0006408  56.3159 303.7626 15.54109330   563
1998-067PL              
1 43599U 98067PL  18232.01765990  .00038552  00000-0  58614-3 0  9993
2 43599  51.6424  60.5990 0005526  80.4307  46.8494 15.54145985   386
