NOAA 15                 
1 25338U 98030A   18231.69759090  .00000025  00000-0  29259-4 0  9999
2 25338  98.7680 248.1671 0011312  47.6771 312.5365 14.25871250 54065
METEOSAT-8 (MSG-1)      
1 27509U 02040B   18231.13333441  .00000120  00000-0  00000-0 0  9999
2 27509   5.5704  56.7366 0000926  36.0045 324.1624  1.00265440 58595
NOAA 18                 
1 28654U 05018A   18231.65117887 -.00000030  00000-0  91496-5 0  9995
2 28654  99.1405 268.3800 0013459 312.1796  47.8231 14.12382686682735
METEOSAT-9 (MSG-2)      
1 28912U 05049B   18231.65129810 -.00000002  00000-0  00000+0 0  9999
2 28912   3.0458  71.6857 0001045  22.5349 111.3950  1.00271948 46410
HIMAWARI-7 (MTSAT-2)    
1 28937U 06004A   18231.53005689 -.00000262  00000-0  00000-0 0  9991
2 28937   0.0829 298.2821 0003946 218.2979 147.0870  1.00271933 45813
FORMOSAT-3 FM6          
1 29047U 06011A   18231.43687519 -.00000032  00000-0  34146-5 0  9997
2 29047  71.9793  33.3134 0049236 134.7743 225.7415 14.28647709645931
FORMOSAT-3 FM1          
1 29048U 06011B   18231.64475663 -.00000015  00000-0  10263-4 0  9990
2 29048  71.9675 304.5737 0042002  89.6678 270.9271 14.28584219648438
FORMOSAT-3 FM5          
1 29049U 06011C   18231.68343131 -.00000014  00000-0  10678-4 0  9998
2 29049  72.0202 112.3684 0033675 124.2374 236.1961 14.28661396644223
FORMOSAT-3 FM3          
1 29050U 06011D   18231.79285515  .00000067  00000-0  24453-4 0  9996
2 29050  72.0173 326.3513 0048088  98.2363 262.4247 14.58691544659060
FORMOSAT-3 FM4          
1 29051U 06011E   18231.48652796  .00000033  00000-0  28834-4 0  9992
2 29051  72.0069  16.0691 0068615 358.6265   1.4672 14.28689516646788
FORMOSAT-3 FM2          
1 29052U 06011F   18232.09264370  .00000074  00000-0  45279-4 0  9995
2 29052  72.0337  87.0562 0038757  82.8989 277.6552 14.28787129645192
GOES 13                 
1 29155U 06018A   18231.25811757 -.00000302  00000-0  00000+0 0  9993
2 29155   0.0420 229.0363 0006601 194.1400 296.8794  1.00260222 44858
METOP-A                 
1 29499U 06044A   18232.23499882 -.00000022  00000-0  98233-5 0  9993
2 29499  98.6215 288.2587 0001701  63.4491   8.1978 14.21528948614099
FENGYUN 2D              
1 29640U 06053A   18231.53161050 -.00000382  00000-0  10000-3 0  9999
2 29640   5.2285  62.3228 0005336 287.8912 292.4125  1.00261005 42895
FENGYUN 3A              
1 32958U 08026A   18232.07322853  .00000007  00000-0  22482-4 0  9998
2 32958  98.3809 243.5604 0010706 111.0287 249.2048 14.19712293530189
FENGYUN 2E              
1 33463U 08066A   18231.81155034 -.00000224  00000-0  00000+0 0  9999
2 33463   2.9983  68.9468 0005009 233.6306  44.4981  1.00274425 35429
NOAA 19                 
1 33591U 09005A   18231.68899653  .00000060  00000-0  57595-4 0  9995
2 33591  99.1471 210.9937 0014511 145.0128 215.1999 14.12301407491135
GOES 14                 
1 35491U 09033A   18231.37995131 -.00000112  00000-0  00000+0 0  9994
2 35491   0.4206 276.7548 0010087 298.8057 144.3607  1.00276054 33499
METEOR-M 1              
1 35865U 09049A   18232.14393906  .00000025  00000-0  29878-4 0  9995
2 35865  98.4066 239.2433 0002247   9.1128 351.0091 14.22160812463069
GOES 15                 
1 36411U 10008A   18231.46458177  .00000068  00000-0  00000+0 0  9994
2 36411   0.3584 100.4774 0002185  98.9208 160.5826  1.00282479 31029
COMS 1                  
1 36744U 10032A   18231.53265734 -.00000363  00000-0  00000-0 0  9993
2 36744   0.0029 319.1324 0001102 204.1449 124.4932  1.00272118 22425
FENGYUN 3B              
1 37214U 10059A   18232.06086470 -.00000017  00000-0  14335-4 0  9998
2 37214  98.9540 196.7698 0017356   3.8482 356.2822 14.15890775403234
SUOMI NPP               
1 37849U 11061A   18231.55989050 -.00000007  00000-0  17346-4 0  9999
2 37849  98.7392 169.2036 0001409  61.9192 352.3042 14.19538454352878
FENGYUN 2F              
1 38049U 12002A   18231.54354741 -.00000378  00000-0  00000-0 0  9996
2 38049   2.5906  78.0481 0004256 225.6179 331.9607  1.00273791 24224
METEOSAT-10 (MSG-3)     
1 38552U 12035B   18231.03864340  .00000048  00000-0  00000+0 0  9998
2 38552   1.0505 350.1254 0002375 102.7880 258.1040  1.00280969 22547
METOP-B                 
1 38771U 12049A   18231.58538602 -.00000020  00000-0  10491-4 0  9996
2 38771  98.6669 289.8858 0002319  97.2860  33.4488 14.21510372307148
FENGYUN 3C              
1 39260U 13052A   18232.09249264 -.00000000  00000-0  21619-4 0  9997
2 39260  98.6492 295.5958 0010661 337.3427  22.7293 14.15849692254180
METEOR-M 2              
1 40069U 14037A   18232.15301770 -.00000018  00000-0  11530-4 0  9998
2 40069  98.5977 281.5378 0006671  60.4574 299.7271 14.20653719213467
HIMAWARI-8              
1 40267U 14060A   18230.70098906 -.00000296  00000-0  00000-0 0  9991
2 40267   0.0391 283.0193 0001068 229.3596 207.6146  1.00274730 14095
FENGYUN 2G              
1 40367U 14090A   18231.81408017 -.00000319  00000-0  00000+0 0  9991
2 40367   0.5617 113.9572 0002445 194.9324  51.7570  1.00265812 13381
METEOSAT-11 (MSG-4)     
1 40732U 15034A   18230.76988870 -.00000022  00000-0  00000-0 0  9991
2 40732   1.2614 244.7414 0001539 238.8226 120.5850  1.00275066 11377
ELEKTRO-L 2             
1 41105U 15074A   18231.32549090 -.00000115  00000-0  00000+0 0  9992
2 41105   0.0461 274.0244 0001602 233.4537  13.2481  1.00271499  9857
HIMAWARI-9              
1 41836U 16064A   18231.69797545 -.00000294  00000-0  00000+0 0  9991
2 41836   0.0175 102.5789 0000948  30.6193 226.8097  1.00269096  6645
GOES 16                 
1 41866U 16071A   18231.29892721 -.00000268  00000-0  00000+0 0  9991
2 41866   0.0092 104.0118 0000469  21.6967 234.2959  1.00269369  6447
FENGYUN 4A              
1 41882U 16077A   18231.95871720 -.00000349  00000-0  00000+0 0  9994
2 41882   0.0737  92.9926 0006446  48.5088 276.5706  1.00273826  6325
CYGFM05                 
1 41884U 16078A   18231.47295520  .00000288  00000-0  17161-4 0  9994
2 41884  34.9556 247.8745 0016286 203.9738 156.0216 15.14152796 92789
CYGFM04                 
1 41885U 16078B   18231.46989540  .00000289  00000-0  16940-4 0  9991
2 41885  34.9487 244.6790 0014618 208.3272 151.6646 15.14677563 92813
CYGFM02                 
1 41886U 16078C   18231.46277785  .00000287  00000-0  16879-4 0  9992
2 41886  34.9579 245.9939 0015353 206.1263 153.8674 15.14675892 92805
CYGFM01                 
1 41887U 16078D   18231.42697292  .00000268  00000-0  16127-4 0  9993
2 41887  34.9523 248.2974 0016697 205.3610 154.6282 15.13995679 92776
CYGFM08                 
1 41888U 16078E   18231.46736100  .00000288  00000-0  17026-4 0  9991
2 41888  34.9493 246.5901 0015940 208.0585 151.9268 15.14367470 92783
CYGFM06                 
1 41889U 16078F   18231.43779761  .00000294  00000-0  17218-4 0  9999
2 41889  34.9573 244.8088 0014273 206.1013 153.8980 15.14665288 92806
CYGFM07                 
1 41890U 16078G   18231.41659879  .00000286  00000-0  16787-4 0  9997
2 41890  34.9512 244.3514 0014052 207.6748 152.3216 15.14669344 92809
CYGFM03                 
1 41891U 16078H   18231.41146896  .00000292  00000-0  17108-4 0  9993
2 41891  34.9544 244.4571 0013543 207.0739 152.9267 15.14667370 92806
FENGYUN 3D              
1 43010U 17072A   18232.10154734 -.00000017  00000-0  12379-4 0  9991
2 43010  98.6791 171.6645 0001272 159.6603 200.4627 14.19702091 39504
NOAA 20                 
1 43013U 17073A   18231.65458387 -.00000000  00000-0  20613-4 0  9997
2 43013  98.7272 169.0342 0001525  78.5247 281.6100 14.19544783 38914
