APRIZESAT 2             
1 28366U 04025A   18231.74473400 -.00000004  00000-0  12917-4 0  9999
2 28366  98.3192 136.8976 0107076 207.1179 152.4391 14.36649382741123
SAUDICOMSAT 1           
1 28369U 04025D   18231.29894128  .00000048  00000-0  22817-4 0  9993
2 28369  98.2471 179.7738 0034312 144.3430 216.0067 14.52446198748875
SAUDICOMSAT 2           
1 28370U 04025E   18231.55896609  .00000020  00000-0  17846-4 0  9996
2 28370  98.3471 174.7827 0056669 286.7515  72.7464 14.47385866746409
APRIZESAT 1             
1 28372U 04025G   18231.40516809 -.00000005  00000-0  10507-4 0  9994
2 28372  98.3037 176.7642 0045549 218.8854 140.9060 14.49555633747609
NANOSAT-1               
1 28493U 04049B   18231.76119981  .00000041  00000-0  14229-4 0  9997
2 28493  98.1615 309.6928 0005858  80.3967 279.7902 14.73437975734037
SAUDICOMSAT 7           
1 31119U 07012C   18231.41934719  .00000030  00000-0  15249-4 0  9996
2 31119  98.0056 184.5089 0060666 154.0899 206.3362 14.61675902604463
SAUDICOMSAT 6           
1 31121U 07012E   18231.80047586  .00000031  00000-0  16608-4 0  9990
2 31121  98.0678 178.3971 0075604 226.8450 132.6414 14.58476362603278
SAUDICOMSAT 5           
1 31124U 07012H   18231.47151884  .00000043  00000-0  17083-4 0  9994
2 31124  97.9670 188.3385 0052935 116.9374 243.7250 14.63373182605183
SAUDICOMSAT 3           
1 31125U 07012J   18231.84521787  .00000079  00000-0  23278-4 0  9991
2 31125  97.9268 192.7456 0044775  80.1748 280.4507 14.65106026605912
SAUDICOMSAT 4           
1 31127U 07012L   18231.44098662  .00000027  00000-0  15228-4 0  9999
2 31127  98.0365 181.5988 0067815 188.7672 171.2350 14.60188112603902
APRIZESAT 4             
1 35684U 09041D   18231.45480962  .00000033  00000-0  11906-4 0  9990
2 35684  98.1787 184.6474 0047727 157.5138 202.8179 14.79146162488436
APRIZESAT 3             
1 35686U 09041F   18231.54683011  .00000062  00000-0  13415-4 0  9991
2 35686  98.2692 254.1460 0074257  62.3086 298.5638 14.87228555490807
AISSAT 1                
1 36797U 10035C   18231.58418312  .00000138  00000-0  22322-4 0  9995
2 36797  98.0826 355.9958 0012074  44.8538 315.3650 14.86063292438792
OBJECT G                
1 43186U 18014G   18231.81121781  .00000250  00000-0  27094-4 0  9993
2 43186  97.7193 139.4554 0009835 303.1727  56.8550 14.96481887 29836
OBJECT H                
1 43187U 18014H   18231.81110375  .00000247  00000-0  26887-4 0  9996
2 43187  97.7191 139.4509 0009833 303.1408  56.8869 14.96482753 29835
OBJECT J                
1 43188U 18014J   18232.21218209  .00000300  00000-0  31545-4 0  9994
2 43188  97.7193 139.8530 0009788 301.7187  58.3079 14.96483837 29893
OBJECT K                
1 43189U 18014K   18232.21233418  .00000302  00000-0  31693-4 0  9990
2 43189  97.7190 139.8457 0009778 301.6760  58.3508 14.96482679 28444
